10

5
0.00 0.00
0.00 0.00
1.00 1.00
1.00 0.00
0.00 1.00

2
0.00 0.00
0.00 0.00

6
0.00 2.00
0.00 0.00
1.00 1.00
1.00 0.00
0.00 1.00
0.00 -2.00

10
0.05 0.10
0.05 1.00
0.05 100.00
0.05 -100.00
0.05 -0.05
0.06 1.00
0.07 1.00
0.07 1.01
0.08 1.02
0.09 1.03

10
0.10 0.05
1.00 0.05
100.00 0.05
-100.00 0.05
-0.05 0.05
1.00 0.06
1.00 0.07
1.01 0.07
1.02 0.08
1.03 0.09

6
0.00 0.00
0.00 0.00
0.00 0.01
0.00 0.01
0.00 0.01
0.00 0.00

100
-1.74 0.49
0.52 0.18
0.85 -1.74
-1.52 0.29
-1.52 0.91
-1.39 0.44
0.69 -1.51
-1.50 0.65
-1.49 0.94
-1.47 0.71
-1.46 -1.60
0.82 -1.26
0.43 0.23
-1.32 -1.18
-1.33 0.03
-1.56 0.86
-1.82 -1.97
-1.36 -1.96
0.86 0.93
0.68 0.03
-1.23 -1.34
-1.79 0.93
0.12 -1.59
-1.74 0.80
0.90 -1.55
-1.80 -1.25
0.46 -1.00
-1.56 0.80
-1.85 0.19
-1.28 0.78
0.30 0.76
-1.17 -1.00
-1.30 -1.55
0.19 -1.37
0.94 -1.07
0.89 -1.62
-1.45 0.21
0.97 -1.68
0.00 -1.54
0.47 0.00
-1.46 -1.39
-1.21 0.54
0.67 -1.13
-1.51 0.08
0.61 -1.85
-1.09 0.24
0.85 -1.01
-1.40 -1.76
-1.58 -1.47
-1.91 0.43
-1.10 0.64
-1.99 0.92
0.96 -1.41
-1.53 0.74
0.57 -1.16
-1.37 0.70
0.27 0.98
-1.85 0.82
-1.14 -1.52
-1.25 0.30
0.87 -1.69
-1.01 0.15
-1.77 -1.05
0.66 0.38
0.15 -1.02
0.17 -1.57
0.93 -1.16
0.14 0.90
0.38 -1.88
-1.00 -1.66
-1.11 -1.89
0.38 -1.21
-1.45 0.13
0.53 -1.82
-1.67 0.11
0.49 0.78
0.60 -1.05
0.62 -1.00
-1.51 -1.12
-1.35 -1.18
0.25 -1.41
-1.71 -1.78
0.91 0.33
0.27 -1.51
-1.84 -1.19
0.90 -1.42
0.63 0.32
-1.49 -1.80
-1.97 0.93
0.20 0.38
0.82 0.34
-1.46 0.40
-1.44 -1.11
0.03 -1.94
-1.49 0.23
-1.83 0.28
0.82 0.50
-1.61 -1.94
0.96 0.42
0.22 -1.17

100
0.48 0.50
0.46 0.35
0.33 0.35
0.31 0.37
0.42 0.24
0.19 0.34
0.00 0.18
0.41 0.20
0.05 0.12
0.03 0.00
0.22 0.19
0.08 0.24
0.44 0.22
0.20 0.34
0.23 0.30
0.25 0.40
0.20 0.02
0.06 0.01
0.40 0.05
0.28 0.49
0.06 0.42
0.37 0.10
0.35 0.10
0.05 0.40
0.14 0.35
0.35 0.11
0.33 0.21
0.21 0.04
0.13 0.15
0.29 0.09
0.17 0.34
0.41 0.33
0.13 0.20
0.50 0.36
0.05 0.14
0.16 0.29
0.35 0.25
0.04 0.33
0.19 0.42
0.48 0.17
0.14 0.18
0.00 0.00
0.33 0.16
0.14 0.03
0.35 0.01
0.16 0.50
0.04 0.30
0.35 0.50
0.21 0.00
0.49 0.39
0.25 0.41
0.26 0.07
0.19 0.21
0.22 0.00
0.17 0.22
0.00 0.49
0.33 0.06
0.03 0.09
0.03 0.14
0.48 0.41
0.25 0.17
0.06 0.45
0.39 0.12
0.44 0.35
0.16 0.45
0.11 0.00
0.01 0.11
0.03 0.48
0.47 0.43
0.12 0.06
0.21 0.10
0.03 0.12
0.23 0.00
0.35 0.23
0.09 0.18
0.21 0.34
0.27 0.16
0.43 0.01
0.03 0.11
0.36 0.28
0.37 0.19
0.31 0.33
0.18 0.10
0.32 0.46
0.25 0.23
0.47 0.49
0.31 0.10
0.09 0.02
0.44 0.22
0.42 0.10
0.34 0.09
0.05 0.34
0.46 0.50
0.45 0.22
0.20 0.10
0.48 0.36
0.48 0.46
0.35 0.46
0.06 0.11
0.07 0.23

100
89.16 -15.54
-36.71 -35.05
99.24 50.05
-15.45 60.86
14.43 77.56
-13.53 77.03
23.29 25.26
44.91 -72.69
44.57 -50.62
88.33 -57.78
-48.93 -94.56
30.72 -13.34
-16.96 -90.68
-74.10 32.51
-20.67 -3.36
53.47 98.22
-99.75 5.99
39.27 45.06
15.02 36.21
-59.19 80.98
-81.85 62.03
-80.77 -60.28
2.17 61.32
-62.07 35.28
3.36 88.34
-23.40 55.24
-30.95 -91.69
34.91 -64.90
-35.69 92.10
-64.46 13.65
22.47 84.58
-59.16 43.04
-24.38 84.04
34.36 77.83
87.53 60.28
6.80 25.89
-24.39 -15.51
-65.84 -29.19
27.57 -48.22
74.39 39.75
56.28 51.78
12.25 50.15
65.48 -85.13
79.15 -8.70
-4.80 -20.59
8.69 -42.95
-33.91 68.15
86.72 -18.19
63.17 21.36
-47.27 12.08
78.54 -82.38
-82.78 -82.82
46.10 -3.36
54.59 -19.85
-60.88 -68.65
-41.99 10.99
50.41 -36.55
37.09 22.75
80.30 82.52
43.35 -89.39
-55.32 0.71
25.05 15.80
99.34 17.03
82.42 -99.34
-19.83 -18.77
26.59 -77.49
-80.47 64.45
-60.55 -20.18
-45.62 -27.94
-96.98 13.39
72.09 31.14
47.98 54.94
82.32 -30.32
-15.67 -21.35
19.71 -62.12
89.48 46.47
-97.98 16.73
-96.50 -59.00
-52.79 -52.10
64.35 -4.67
72.77 -32.55
79.00 90.46
5.69 51.20
-53.00 -10.67
57.44 26.22
54.68 -29.04
93.87 -74.25
-93.89 26.59
5.09 -78.20
-45.24 79.67
-17.00 -7.87
94.16 93.59
-25.63 3.68
-19.75 47.53
-26.42 -78.85
-35.51 -56.92
-27.51 50.69
77.92 93.03
12.71 19.56
1.97 20.17

100
-75.71 56.21
29.04 97.33
16.75 -63.21
73.00 89.29
30.58 -63.11
85.94 -2.00
36.83 86.03
57.73 38.30
15.16 33.46
51.99 43.05
-88.36 56.25
-9.63 -27.81
80.78 -50.25
65.87 -52.03
-44.99 -92.76
-24.83 -62.75
6.14 20.28
-28.43 -90.32
78.44 66.01
-69.27 -14.77
-90.49 -96.77
15.18 92.14
-14.72 -88.24
69.79 47.12
24.63 91.51
38.57 -47.21
96.59 86.95
66.09 85.05
81.34 86.00
22.12 4.24
-89.90 65.51
-15.78 -10.89
-86.57 17.98
64.90 -20.14
13.24 -17.38
39.78 48.09
-42.55 -82.86
-46.65 46.25
-32.47 50.92
23.41 63.51
49.94 -33.46
46.82 -42.06
9.28 -7.41
65.50 -21.95
-76.59 25.85
-85.05 -19.88
2.75 -1.56
-95.74 -12.66
-11.22 88.79
-45.99 -49.30
96.07 32.09
89.21 31.26
25.39 -45.26
-13.14 -44.07
56.60 -57.14
89.82 84.73
-31.88 -89.22
26.82 -34.89
-54.86 -52.73
-79.87 -90.18
-16.87 67.68
41.82 4.02
53.58 70.97
-17.59 70.99
-77.15 -58.26
-30.37 -44.47
17.93 -12.60
21.41 -68.85
22.02 44.22
-25.97 54.32
-84.35 60.98
25.89 -86.78
3.63 43.50
96.28 53.41
90.24 58.42
6.69 31.90
-56.99 -88.05
55.23 -22.35
73.13 22.80
-22.48 98.22
-30.58 55.19
53.78 -72.38
95.10 21.88
42.45 66.85
-12.72 61.90
-66.34 -65.88
-71.27 74.35
-25.58 -47.05
50.50 -9.90
11.49 -82.78
-15.11 68.39
30.24 -63.25
-59.82 43.00
15.34 -1.95
8.27 -33.90
-19.85 32.50
7.07 -28.52
-62.32 -3.69
4.96 -63.93
-31.95 -84.44
