2 3 3 2
1 2 3 
3 2 1
4 5
6 7
8 9
2 3 2 3
1 2 3 
3 2 1
4 5 6
7 8 9
1 1 1 1
5
8
5 8 5 10
4	2	5	5	4	5	6	4
5	9	6	2	9	2	4	1
5	8	8	1	5	5	2	1
9	9	5	3	1	7	5	4
8	8	2	6	5	5	8	2
5	10	7	9	5	8	8	9	4	2
8	7	7	8	8	5	9	9	8	3
7	7	8	6	9	9	7	9	9	2
5	5	6	10	5	9	8	8	1	5
8	10	5	7	9	8	6	9	4	3
1 10 10 20
40	72	95	61	93	96	51	87	36	84
48	42	45	6	32	87	9	1	96	92	25	29	82	89	45	53	57	44	61	19
68	25	68	17	91	44	88	86	27	38	83	8	76	88	76	15	9	52	40	4
34	30	60	23	69	52	58	50	97	25	60	44	9	4	86	48	95	75	46	54
50	84	90	95	67	8	56	37	2	32	39	19	57	60	53	24	25	29	83	35
16	92	33	54	34	16	50	63	32	76	7	4	60	6	55	37	4	16	71	75
74	32	78	92	38	52	16	32	84	83	36	27	80	88	46	46	96	84	70	56
34	27	92	47	3	3	1	25	22	22	36	67	12	4	14	15	8	83	50	6
71	26	28	35	87	62	67	13	73	31	44	19	69	37	62	4	67	4	42	8
14	23	35	80	68	80	60	32	91	64	79	9	19	85	84	89	38	41	60	6
45	56	52	84	50	68	96	37	17	72	58	3	38	58	99	29	39	98	60	6
10 5 5 8
59	46	75	72	67
1	55	77	51	6
65	76	60	60	81
66	73	75	91	5
21	20	34	90	59
3	97	23	86	52
15	15	31	39	46
70	58	74	52	48
88	69	40	78	95
26	29	81	67	61
28	61	49	98	70	8	56	29
51	67	97	6	17	71	52	46
12	59	88	82	16	37	11	66
7	90	58	61	46	92	34	82
20	53	60	50	93	9	11	55
20 20 20 20
4	5	7	7	6	6	9	3	6	5	6	5	5	1	9	6	8	7	4	9
3	7	7	2	1	4	6	1	5	7	3	7	9	6	9	5	9	2	9	4
5	7	6	9	8	5	4	9	2	4	3	8	4	4	8	9	6	3	7	3
6	6	5	3	6	5	6	5	7	9	1	8	7	3	8	6	2	9	3	3
7	8	3	4	8	6	2	8	1	7	5	2	9	5	2	7	9	8	8	1
6	4	6	5	5	7	9	7	7	3	8	5	9	7	2	4	9	1	6	1
5	3	2	7	8	2	7	4	1	3	3	1	9	9	1	2	7	6	6	9
4	1	5	6	7	9	5	4	4	7	9	7	2	4	7	3	6	5	1	1
3	5	5	9	7	8	8	3	8	9	1	1	2	9	2	7	1	6	2	2
1	5	6	2	5	7	6	1	7	9	6	5	7	8	2	1	7	2	5	9
5	7	7	6	5	8	3	2	8	3	4	6	7	9	1	5	4	2	5	8
7	5	2	1	8	3	9	4	2	3	4	4	3	7	1	7	3	1	5	8
8	5	6	1	9	4	5	4	2	1	7	9	8	1	3	7	5	8	8	3
2	3	9	7	5	5	4	5	6	7	3	2	2	8	1	9	3	3	3	9
3	2	2	9	5	1	1	7	1	3	1	8	9	4	1	2	1	9	1	7
6	1	3	7	5	3	7	5	4	4	1	2	2	6	1	8	1	2	5	7
1	8	5	5	8	4	3	2	2	5	2	1	2	3	9	4	6	6	9	5
2	9	3	9	4	8	1	4	4	1	1	1	4	8	8	1	9	1	6	4
5	3	5	5	3	6	3	7	8	2	3	1	6	9	4	1	2	6	6	3
5	4	1	6	4	3	8	8	8	9	5	7	6	5	8	9	7	5	7	2
6	3	9	7	5	6	5	3	3	7	5	9	2	7	9	3	4	5	7	4
2	7	1	9	8	9	9	3	8	6	1	2	4	3	3	2	9	2	6	3
7	1	1	1	4	6	9	7	2	9	7	8	7	2	4	6	4	2	8	1
3	3	4	3	4	7	8	8	3	6	6	9	6	8	4	4	6	6	1	8
2	7	5	8	9	5	5	4	7	6	6	7	8	9	2	8	8	4	4	7
6	2	5	7	2	3	6	3	8	1	9	1	3	6	1	5	5	1	7	7
4	7	9	5	9	2	7	9	5	3	7	1	8	9	8	7	9	6	4	6
4	4	8	2	1	5	3	7	7	9	4	9	4	4	1	4	1	2	6	3
1	5	9	8	1	5	5	5	2	9	3	5	1	2	4	2	6	6	4	9
4	7	7	1	3	3	9	9	3	3	1	1	6	5	6	2	3	3	8	5
8	7	4	2	1	5	5	7	3	5	9	9	9	3	9	2	5	3	4	1
9	1	4	7	6	2	6	6	9	8	3	4	6	9	3	7	8	9	4	6
4	8	4	6	1	2	9	7	3	4	9	2	4	4	4	3	5	2	4	3
9	8	7	8	7	2	4	1	8	3	9	7	4	6	9	7	3	6	4	6
4	9	9	6	6	3	5	8	6	3	9	1	7	1	5	6	6	3	9	5
8	5	7	2	9	5	1	5	5	5	4	6	9	6	3	8	1	1	7	2
9	6	4	8	3	3	6	4	8	1	7	7	4	3	3	4	4	3	1	8
1	2	5	4	4	8	9	2	6	5	7	4	7	7	5	1	1	5	4	2
4	9	3	8	4	2	6	4	9	3	1	2	8	6	9	2	4	6	4	6
9	7	7	6	2	8	7	7	4	2	2	9	4	1	7	4	7	5	9	5
0 0 0 0
