5

15
1 5
4 1
5 4
1 4
3 4
5 3
5 2
4 4
1 1
3 3
3 4
1 5
3 1
5 4
1 4
4 3

15
4 5
3 3
4 5
4 3
3 4
4 1
5 4
5 4
1 4
1 2
4 1
2 1
3 1
4 3
1 3
250 150

15
171 379
441 255
496 344
402 43
439 320
426 257
100 27
274 27
163 467
226 222
187 453
95 306
1 216
72 306
353 405
481 409

15
370 302
350 101
456 137
93 495
268 318
346 212
83 310
76 492
437 45
457 407
178 497
248 335
193 388
89 308
368 4
493 42

15
19 21
16 17
11 24
8 19
14 12
12 24
6 6
10 13
6 13
3 5
24 4
23 11
7 1
2 5
16 22
5 3
