100
8147499746390875732
2763743791104692210
4701442660430190181
4740891822409719672
3201612668008473444
4567028724811477115
6870253922029091827
5515380419997725076
3906908692229422685
8463255139472442964
8551646272204212440
4954297173697953403
1512629089708670319
5815078132688759676
7340183799604017847
1923772869736987720
951635791845863573
1706714659291130691
2957380506942449542
8098248903280553814
8534930402740240102
8848426816733725178
2556835711560883854
645872358035500992
985340317041350760
7864276778070705230
5279488493082486244
4345047202688299422
4335834970461809568
953595911831979550
7149609868083462668
6244440348361263115
1015874427011077470
8641356881235686617
4148593824667227369
4318917567956239547
1937084037027602667
5558232024823555779
708612746238389422
3113761345854610013
7809267070200628742
5207976068964894239
6697169759292201398
8684033830077865753
581139683518101054
2609871933415233034
2318713704082337845
5308010833764446358
1457848560697217417
5324351494466750562
3852427345165440203
3271620498789262157
2679419240415176604
5004775937119363410
7572797503643446164
2506879594535028428
7985122256936630373
117052971905697955
1206296302574943917
1966381512057165836
5963284994059946775
5012860088773144084
3571811756050249550
3562723575164213901
6417101102340318831
1209079754075177321
3289815490409934275
5515186956201641212
753226328854592623
6798909758795201266
3334188413583000525
3198770844280456695
6366848296099330088
4460261962916142955
7071677020494796287
1924068316713043432
4647741263232123217
1729232784721716633
5914803615063907572
2039908412172370937
3268981165556014568
1839374532662310545
3007525889396560640
3106832706070510700
2344458726278836188
4262132302911458212
9126391630170117978
3665295372681402266
8044900628234943728
909862500119804220
1593987652751576903
2966205090621744278
4976434863440486449
8692622980152473183
6582949295838672583
3903151775272261284
4854740041186454526
2884845582853604518
5680784979091470796
9173339450644924477
