142
2
319
258
423
332
481
118
37
272
338
484
371
28
211
435
38
295
422
237
421
101
113
370
59
245
290
373
258
365
461
423
367
105
168
348
28
235
335
274
338
312
133
118
74
33
356
215
314
177
311
454
402
242
208
77
327
377
5
311
363
438
128
408
363
322
18
1
248
126
416
365
102
57
392
272
251
242
303
288
440
109
71
163
46
314
256
394
161
427
274
135
154
60
323
427
282
89
392
414
415
388
224
247
102
107
265
128
23
196
447
252
387
253
427
380
143
178
475
478
66
142
13
114
383
289
210
142
155
262
176
16
472
117
279
75
142
100
62
67
417
286
18
40
351
29
424
387
239
328
111
362
48
319
59
269
317
285
231
167
263
373
226
50
290
471
244
387
247
199
423
292
214
380
33
438
477
131
85
124
391
214
458
414
182
302
433
239
44
480
468
474
18
65
103
351
21
210
138
399
96
281
355
201
416
197
160
277
340
27
115
161
465
121
23
352
144
16
177
296
238
411
357
65
482
376
454
17
286
112
232
237
72
61
352
110
168
149
20
369
452
271
312
380
463
255
12
296
83
10
278
69
267
337
465
324
48
53
197
27
198
323
296
370
190
463
191
320
11
245
307
168
40
420
451
62
97
458
179
26
259
191
149
264
442
144
262
96
382
348
85
197
341
179
253
224
208
7
474
429
271
302
474
96
87
290
187
253
432
448
142
344
271
453
224
160
374
239
79
463
76
8
485
349
465
481
219
476
253
104
231
24
460
259
328
329
278
333
279
328
215
318
285
104
113
161
439
456
33
309
437
257
20
305
321
189
132
130
352
453
304
377
390
125
33
253
482
138
352
237
327
114
35
351
141
411
298
77
290
76
49
131
74
66
331
81
70
103
47
89
435
200
98
81
225
468
337
348
233
183
424
245
116
264
317
183
272
353
155
58
382
185
199
39
413
19
427
440
177
130
278
311
139
61
34
367
22
285
362
8
144
429
74
440
113
118
63
33
51
50
105
104
418
420
25
30
208
448
96
331
64
55
307
449
354
217
161
436
481
237
463
419
156
362
174
175
294
126
101
131
70
294
53
202
174
373
195
388
171
90
143
240
137
160
334
51
416
327
133
473
-1
