10 10
235 688 827 167 664 12 18 181 691 782
-1 1 231 889 612 -1 -1 625 -1 -1
-1 799 297 898 842 -1 -1 530 -1 -1
688 802 147 853 761 148 729 809 973 268
697 985 400 -1 -1 -1 913 333 -1 757
746 546 112 -1 -1 -1 578 185 -1 407
827 147 912 942 334 22 908 796 639 688
383 -1 -1 -1 -1 -1 -1 418 -1 759
177 -1 -1 -1 -1 -1 -1 218 -1 416
167 853 942 230 818 364 808 113 87 173
-1 -1 -1 -1 299 746 -1 -1 947 146
-1 -1 -1 -1 460 924 -1 -1 437 533
664 761 334 818 246 270 353 78 805 423
-1 -1 449 -1 808 639 -1 -1 156 -1
-1 -1 829 -1 991 372 -1 -1 231 -1
12 148 22 364 270 667 410 370 191 359
-1 958 -1 174 -1 -1 710 81 312 185
-1 428 -1 902 -1 -1 826 330 293 261
18 729 908 808 353 410 839 97 178 364
-1 985 -1 -1 47 -1 -1 -1 807 147
-1 776 -1 -1 907 -1 -1 -1 467 335
181 809 796 113 78 370 97 342 723 371
378 361 -1 546 -1 164 876 -1 -1 89
993 563 -1 966 -1 509 901 -1 -1 669
691 973 639 87 805 191 178 723 921 200
-1 -1 570 693 62 -1 -1 877 -1 27
-1 -1 798 668 61 -1 -1 418 -1 411
782 268 688 173 423 359 364 371 200 322
-1 -1 -1 677 -1 -1 -1 329 -1 -1
-1 -1 -1 866 -1 -1 -1 894 -1 -1
10 2 5 5 2 1 7 3 8 6 2
