20 20
224 711 626 710 388 198 424 447 181 410 732 695 373 767 673 433 472 776 132 267
679 -1 192 785 830 -1 496 999 55 515 983 149 470 528 56 449 30 315 937 -1
278 -1 193 870 705 -1 499 713 282 515 678 483 976 258 105 837 134 678 322 -1
711 418 20 462 537 396 995 353 173 176 868 686 412 200 51 26 556 73 852 201
369 832 87 -1 974 891 874 -1 14 -1 695 30 709 -1 -1 -1 570 148 -1 809
654 731 538 -1 524 818 711 -1 26 -1 595 212 468 -1 -1 -1 130 665 -1 68
626 20 371 658 243 560 543 176 370 90 628 927 900 607 348 843 156 475 308 536
605 -1 29 547 -1 -1 455 454 43 -1 419 -1 438 232 262 -1 883 -1 -1 -1
88 -1 21 733 -1 -1 584 935 643 -1 105 -1 443 299 769 -1 553 -1 -1 -1
710 462 658 578 961 209 327 945 980 484 180 393 915 75 173 439 312 473 335 894
345 284 -1 5 -1 -1 -1 -1 -1 -1 97 -1 -1 159 -1 -1 106 913 796 617
665 586 -1 558 -1 -1 -1 -1 -1 -1 537 -1 -1 971 -1 -1 367 303 656 621
388 537 243 961 737 656 887 612 650 69 514 267 640 678 484 641 447 90 384 499
-1 -1 920 -1 157 -1 -1 -1 172 -1 -1 -1 678 271 842 -1 569 -1 585 471
-1 -1 910 -1 547 -1 -1 -1 3 -1 -1 -1 159 566 828 -1 840 -1 348 120
198 396 560 209 656 591 39 116 350 865 232 730 17 661 428 941 112 479 591 776
94 -1 260 -1 -1 -1 -1 -1 321 480 819 -1 432 -1 798 584 890 189 -1 260
758 -1 998 -1 -1 -1 -1 -1 516 404 736 -1 481 -1 380 625 788 804 -1 569
424 995 543 327 887 39 128 752 370 75 58 624 8 135 765 705 561 967 397 658
-1 211 570 -1 560 25 -1 746 92 584 -1 -1 -1 625 -1 -1 -1 -1 -1 485
-1 587 435 -1 129 72 -1 87 872 113 -1 -1 -1 726 -1 -1 -1 -1 -1 108
447 353 176 945 612 116 752 157 673 320 415 846 158 746 913 233 725 904 808 883
-1 -1 -1 920 665 -1 -1 -1 -1 48 -1 946 30 -1 668 -1 -1 -1 158 -1
-1 -1 -1 761 527 -1 -1 -1 -1 508 -1 645 470 -1 950 -1 -1 -1 421 -1
181 173 370 980 650 350 370 673 806 990 578 540 504 539 943 364 856 711 947 461
616 -1 -1 805 879 872 461 642 809 -1 -1 609 824 307 -1 -1 -1 948 518 -1
404 -1 -1 475 358 94 251 673 694 -1 -1 553 973 779 -1 -1 -1 998 813 -1
410 176 90 484 69 865 75 320 990 689 153 387 409 506 643 836 681 773 432 906
-1 -1 -1 312 -1 -1 71 -1 -1 926 -1 662 -1 30 -1 853 -1 97 28 -1
-1 -1 -1 179 -1 -1 610 -1 -1 830 -1 836 -1 521 -1 571 -1 931 703 -1
732 868 628 180 514 232 58 415 578 153 180 346 925 74 796 124 129 313 517 905
669 906 967 65 447 787 856 -1 -1 -1 898 573 -1 907 203 -1 -1 -1 -1 738
273 461 617 913 73 239 623 -1 -1 -1 379 649 -1 348 270 -1 -1 -1 -1 690
695 686 927 393 267 730 624 846 540 387 346 340 140 176 922 673 923 859 730 178
820 -1 -1 807 77 -1 983 -1 -1 -1 582 -1 601 -1 316 432 569 522 908 -1
454 -1 -1 135 75 -1 259 -1 -1 -1 323 -1 969 -1 592 227 964 557 877 -1
373 412 900 915 640 17 8 158 504 409 925 140 748 415 797 194 987 786 911 520
-1 947 490 -1 -1 -1 478 -1 -1 -1 923 668 -1 -1 452 -1 760 920 -1 -1
-1 329 25 -1 -1 -1 667 -1 -1 -1 245 930 -1 -1 242 -1 503 850 -1 -1
767 200 607 75 678 661 135 746 539 506 74 176 415 968 49 965 766 565 914 95
933 -1 522 -1 888 -1 748 262 325 -1 -1 914 -1 -1 -1 -1 330 931 49 811
862 -1 764 -1 21 -1 461 247 230 -1 -1 298 -1 -1 -1 -1 931 848 726 842
673 51 348 173 484 428 765 913 943 643 796 922 797 49 121 709 585 470 567 633
-1 396 -1 -1 -1 497 -1 -1 -1 -1 -1 -1 -1 531 234 -1 247 -1 689 201
-1 680 -1 -1 -1 28 -1 -1 -1 -1 -1 -1 -1 322 921 -1 598 -1 671 115
433 26 843 439 641 941 705 233 364 836 124 673 194 965 709 201 332 904 735 997
-1 761 351 757 137 213 -1 -1 -1 476 863 262 -1 -1 182 -1 546 466 919 863
-1 143 2 423 954 104 -1 -1 -1 92 147 28 -1 -1 596 -1 956 676 546 241
472 556 156 312 447 112 561 725 856 681 129 923 987 766 585 332 130 660 882 921
-1 181 670 344 -1 387 -1 363 -1 -1 -1 -1 536 -1 722 -1 565 132 -1 68
-1 467 413 767 -1 819 -1 946 -1 -1 -1 -1 601 -1 293 -1 990 600 -1 60
776 73 475 473 90 479 967 904 711 773 313 859 786 565 470 904 660 251 50 413
-1 -1 -1 -1 -1 910 -1 483 188 -1 -1 357 -1 -1 817 477 710 334 638 161
-1 -1 -1 -1 -1 826 -1 873 818 -1 -1 464 -1 -1 518 744 433 234 400 309
132 852 308 335 384 591 397 808 947 432 517 730 911 914 567 735 882 50 220 246
-1 -1 -1 804 -1 120 -1 -1 -1 -1 -1 -1 514 726 -1 -1 -1 -1 412 -1
-1 -1 -1 549 -1 161 -1 -1 -1 -1 -1 -1 704 900 -1 -1 -1 -1 920 -1
267 201 536 894 499 776 658 883 461 906 905 178 520 95 633 997 921 413 246 138
-1 275 261 -1 585 -1 -1 523 -1 174 359 10 -1 375 -1 63 327 -1 -1 -1
-1 977 222 -1 566 -1 -1 998 -1 804 377 494 -1 492 -1 14 649 -1 -1 -1
20 20 15 4 15 4 1 20 6 16 19 1 6 2 10 1 12 16 8 13 4
