30 30
373 984 506 850 242 986 504 708 369 431 678 669 872 776 780 589 72 708 83 653 991 739 169 915 654 804 558 254 763 526
-1 116 160 688 650 880 -1 -1 450 -1 -1 6 -1 225 -1 -1 462 583 689 -1 -1 -1 31 643 536 -1 -1 394 262 399
-1 999 423 211 196 596 -1 -1 107 -1 -1 455 -1 974 -1 -1 918 361 834 -1 -1 -1 91 32 821 -1 -1 650 670 322
984 565 740 466 484 398 850 327 918 935 360 526 477 698 569 297 965 940 904 117 720 432 89 780 235 497 519 570 633 155
-1 -1 675 -1 -1 616 -1 551 -1 -1 232 -1 -1 303 -1 601 -1 343 703 -1 -1 -1 -1 -1 178 -1 -1 -1 685 -1
-1 -1 17 -1 -1 458 -1 589 -1 -1 888 -1 -1 272 -1 370 -1 286 299 -1 -1 -1 -1 -1 127 -1 -1 -1 833 -1
506 740 600 770 533 955 872 786 358 749 678 605 368 82 137 234 108 938 345 193 705 771 102 298 694 933 863 172 771 104
4 937 -1 -1 -1 503 -1 -1 128 -1 -1 -1 506 -1 -1 438 454 -1 768 165 237 738 970 -1 -1 -1 -1 -1 418 -1
264 118 -1 -1 -1 817 -1 -1 853 -1 -1 -1 484 -1 -1 277 132 -1 976 106 546 501 335 -1 -1 -1 -1 -1 451 -1
850 466 770 692 381 928 513 840 160 905 361 965 983 480 438 368 860 226 443 730 747 554 979 329 969 516 508 246 375 34
-1 -1 -1 -1 294 922 468 -1 449 -1 942 -1 -1 249 695 -1 -1 -1 -1 -1 253 645 -1 366 629 -1 -1 -1 -1 957
-1 -1 -1 -1 3 823 42 -1 742 -1 376 -1 -1 78 141 -1 -1 -1 -1 -1 994 955 -1 677 476 -1 -1 -1 -1 726
242 484 533 381 789 849 635 35 615 497 881 177 175 301 612 327 555 156 131 779 67 614 37 630 206 938 523 600 597 656
-1 -1 -1 -1 921 -1 833 695 432 565 -1 -1 -1 746 118 787 -1 105 -1 123 801 371 -1 -1 -1 -1 -1 -1 897 -1
-1 -1 -1 -1 500 -1 375 271 849 555 -1 -1 -1 497 597 729 -1 445 -1 332 456 54 -1 -1 -1 -1 -1 -1 359 -1
986 398 955 928 849 333 185 399 757 799 176 966 858 909 80 699 662 509 364 651 492 72 713 209 352 275 737 944 477 553
941 -1 -1 -1 -1 691 -1 -1 -1 468 -1 -1 306 355 135 908 531 586 -1 -1 -1 147 356 -1 370 409 55 3 994 -1
185 -1 -1 -1 -1 373 -1 -1 -1 412 -1 -1 670 83 725 374 689 618 -1 -1 -1 870 268 -1 476 770 888 592 983 -1
504 850 872 513 635 185 214 729 204 536 837 715 634 508 362 724 26 191 677 123 162 799 332 511 812 254 607 145 205 937
20 560 -1 765 -1 772 -1 545 -1 194 -1 982 122 -1 -1 982 403 493 211 295 298 2 -1 194 281 -1 -1 -1 436 -1
249 591 -1 511 -1 926 -1 526 -1 948 -1 638 665 -1 -1 228 163 469 686 787 269 171 -1 105 200 -1 -1 -1 994 -1
708 327 786 840 35 399 729 134 647 307 612 267 916 440 370 636 179 765 724 915 774 582 163 716 712 728 156 306 902 604
687 -1 -1 228 955 305 849 706 -1 558 709 -1 122 948 987 -1 -1 -1 -1 -1 -1 -1 -1 -1 799 -1 -1 -1 147 -1
507 -1 -1 237 383 997 698 223 -1 338 345 -1 192 484 916 -1 -1 -1 -1 -1 -1 -1 -1 -1 813 -1 -1 -1 968 -1
369 918 358 160 615 757 204 647 55 370 747 723 269 800 972 577 155 674 606 879 986 271 655 939 280 70 536 342 349 952
-1 -1 -1 -1 -1 -1 -1 592 8 527 -1 -1 -1 952 532 958 -1 730 -1 -1 -1 -1 680 952 -1 24 287 -1 -1 -1
-1 -1 -1 -1 -1 -1 -1 665 822 75 -1 -1 -1 368 163 370 -1 78 -1 -1 -1 -1 951 822 -1 98 537 -1 -1 -1
431 935 749 905 497 799 536 307 370 184 345 463 259 813 685 5 691 596 380 641 733 994 737 268 602 162 7 707 79 391
879 -1 319 -1 470 -1 412 -1 -1 592 -1 94 623 -1 -1 124 -1 -1 111 391 745 -1 14 82 799 -1 134 -1 218 902
680 -1 488 -1 694 -1 221 -1 -1 619 -1 146 406 -1 -1 266 -1 -1 168 45 163 -1 568 87 816 -1 992 -1 409 4
678 360 678 361 881 176 837 612 747 345 812 930 202 710 739 432 553 682 127 864 658 880 416 402 323 896 526 590 493 985
-1 -1 -1 760 -1 673 -1 205 -1 38 57 326 310 222 -1 -1 -1 921 115 571 784 -1 191 -1 881 402 760 -1 851 -1
-1 -1 -1 834 -1 129 -1 752 -1 97 833 804 147 169 -1 -1 -1 524 901 885 831 -1 761 -1 574 620 862 -1 873 -1
669 526 605 965 177 966 715 267 723 463 930 663 600 134 832 2 398 871 880 450 500 395 993 67 755 933 734 15 872 760
-1 742 885 -1 -1 -1 -1 797 -1 467 368 451 -1 139 -1 682 -1 932 -1 -1 -1 77 261 921 631 935 -1 -1 -1 113
-1 103 115 -1 -1 -1 -1 862 -1 241 685 198 -1 648 -1 829 -1 152 -1 -1 -1 849 333 567 606 976 -1 -1 -1 97
872 477 368 983 175 858 634 916 269 259 202 600 476 754 838 155 534 90 839 650 405 526 973 727 992 605 47 963 902 678
-1 -1 -1 -1 34 604 -1 405 -1 -1 -1 -1 850 -1 495 565 871 224 931 -1 437 -1 -1 -1 -1 -1 820 512 375 -1
-1 -1 -1 -1 963 33 -1 673 -1 -1 -1 -1 509 -1 605 97 176 428 615 -1 540 -1 -1 -1 -1 -1 976 447 759 -1
776 698 82 480 301 909 508 440 800 813 710 134 754 303 549 189 112 926 535 118 505 253 366 842 717 16 708 76 663 267
-1 117 65 -1 279 -1 575 -1 373 -1 -1 181 466 971 -1 105 501 554 538 -1 -1 384 -1 -1 409 843 -1 -1 -1 -1
-1 818 889 -1 205 -1 557 -1 552 -1 -1 96 767 274 -1 122 92 840 795 -1 -1 387 -1 -1 14 466 -1 -1 -1 -1
780 569 137 438 612 80 362 370 972 685 739 832 838 549 187 781 545 792 228 388 321 462 236 250 387 553 144 469 165 954
456 -1 664 948 -1 871 -1 954 331 677 179 -1 -1 261 -1 -1 -1 714 -1 -1 729 -1 553 326 -1 -1 -1 640 -1 314
661 -1 189 826 -1 502 -1 988 867 307 642 -1 -1 227 -1 -1 -1 295 -1 -1 608 -1 717 817 -1 -1 -1 639 -1 441
589 297 234 368 327 699 724 636 577 5 432 2 155 189 781 273 996 685 339 299 70 337 420 316 429 184 955 559 892 575
924 -1 -1 798 -1 -1 186 45 -1 -1 -1 -1 506 -1 631 -1 449 41 -1 612 -1 175 757 -1 -1 -1 -1 -1 -1 749
731 -1 -1 447 -1 -1 923 599 -1 -1 -1 -1 559 -1 903 -1 476 8 -1 109 -1 4 648 -1 -1 -1 -1 -1 -1 335
72 965 108 860 555 662 26 179 155 691 553 398 534 112 545 996 627 995 405 80 680 158 593 362 366 180 165 635 787 36
983 380 -1 598 499 447 -1 339 -1 -1 -1 98 100 -1 120 580 -1 794 122 -1 262 -1 359 119 461 -1 -1 537 -1 -1
895 446 -1 441 480 316 -1 579 -1 -1 -1 357 828 -1 38 380 -1 879 407 -1 848 -1 753 810 850 -1 -1 400 -1 -1
708 940 938 226 156 509 191 765 674 596 682 871 90 926 792 685 995 397 379 414 804 432 160 250 767 962 187 301 446 982
942 -1 997 431 -1 793 951 -1 -1 -1 844 -1 -1 -1 197 -1 -1 -1 931 -1 851 60 264 -1 538 -1 -1 439 -1 470
676 -1 601 969 -1 228 56 -1 -1 -1 325 -1 -1 -1 427 -1 -1 -1 352 -1 848 614 153 -1 123 -1 -1 648 -1 399
83 904 345 443 131 364 677 724 606 380 127 880 839 535 228 339 405 379 971 149 780 491 552 64 602 168 578 45 184 695
-1 -1 -1 -1 732 998 -1 590 -1 216 -1 -1 -1 487 -1 243 -1 273 301 637 -1 -1 -1 -1 -1 -1 -1 -1 -1 -1
-1 -1 -1 -1 838 774 -1 971 -1 220 -1 -1 -1 455 -1 245 -1 746 917 998 -1 -1 -1 -1 -1 -1 -1 -1 -1 -1
653 117 193 730 779 651 123 915 879 641 864 450 650 118 388 299 80 414 149 569 368 152 5 431 997 542 257 990 44 90
-1 961 -1 -1 627 -1 -1 345 202 350 620 212 -1 503 -1 -1 29 922 -1 -1 463 433 1 204 -1 376 425 403 -1 -1
-1 788 -1 -1 82 -1 -1 515 283 754 936 109 -1 803 -1 -1 385 541 -1 -1 57 607 13 793 -1 355 291 637 -1 -1
991 720 705 747 67 492 162 774 986 733 658 500 405 505 321 70 680 804 780 368 712 578 157 422 98 226 882 933 455 982
-1 189 481 -1 694 656 -1 674 611 776 564 -1 -1 -1 564 -1 -1 561 -1 174 266 -1 -1 -1 768 -1 -1 585 320 823
-1 515 194 -1 92 695 -1 379 402 727 537 -1 -1 -1 536 -1 -1 305 -1 382 294 -1 -1 -1 776 -1 -1 632 907 509
739 432 771 554 614 72 799 582 271 994 880 395 526 253 462 337 158 432 491 152 578 344 561 179 479 95 233 579 329 594
-1 125 395 -1 -1 445 147 812 -1 -1 997 539 -1 539 -1 -1 -1 -1 873 93 251 564 -1 182 42 -1 766 -1 632 663
-1 588 787 -1 -1 110 683 242 -1 -1 239 80 -1 782 -1 -1 -1 -1 482 342 792 446 -1 729 296 -1 559 -1 512 750
169 89 102 979 37 713 332 163 655 737 416 993 973 366 236 420 593 160 552 5 157 561 184 487 410 30 332 51 21 685
757 676 -1 252 655 131 -1 717 960 -1 617 -1 920 155 -1 -1 567 -1 -1 -1 -1 -1 497 -1 722 -1 -1 888 -1 -1
210 611 -1 828 139 993 -1 135 432 -1 657 -1 438 889 -1 -1 405 -1 -1 -1 -1 -1 485 -1 722 -1 -1 520 -1 -1
915 780 298 329 630 209 511 716 939 268 402 67 727 842 250 316 362 250 64 431 422 179 487 997 324 102 503 440 150 572
-1 -1 -1 708 -1 267 -1 756 968 -1 490 556 226 -1 646 -1 -1 670 -1 463 -1 742 800 -1 944 784 667 822 473 186
-1 -1 -1 551 -1 721 -1 152 787 -1 711 163 343 -1 272 -1 -1 258 -1 388 -1 188 103 -1 169 275 805 659 936 978
654 235 694 969 206 352 812 712 280 602 323 755 992 717 387 429 366 767 602 997 98 479 410 324 319 644 534 991 859 978
-1 238 147 196 -1 -1 724 -1 -1 -1 52 -1 -1 706 832 781 900 463 -1 751 -1 826 -1 854 -1 -1 -1 -1 276 -1
-1 537 513 254 -1 -1 212 -1 -1 -1 362 -1 -1 70 2 447 297 176 -1 306 -1 979 -1 906 -1 -1 -1 -1 756 -1
804 497 933 516 938 275 254 728 70 162 896 933 605 16 553 184 180 962 168 542 226 95 30 102 644 631 14 821 307 988
588 732 -1 -1 275 -1 576 495 857 -1 660 109 338 295 -1 -1 217 -1 -1 291 -1 12 -1 -1 189 447 367 -1 -1 14
692 868 -1 -1 364 -1 86 476 914 -1 285 735 402 803 -1 -1 138 -1 -1 972 -1 416 -1 -1 30 112 873 -1 -1 92
558 519 863 508 523 737 607 156 536 7 526 734 47 708 144 955 165 187 578 257 882 233 332 503 534 14 394 698 764 595
-1 764 830 110 -1 -1 852 123 422 -1 85 -1 -1 -1 790 -1 238 -1 948 -1 317 -1 482 43 406 14 647 240 -1 2
-1 840 96 22 -1 -1 102 98 36 -1 150 -1 -1 -1 111 -1 273 -1 91 -1 60 -1 293 900 878 221 962 484 -1 953
254 570 172 246 600 944 145 306 342 707 590 15 963 76 469 559 635 301 45 990 933 579 51 440 991 821 698 614 57 387
880 -1 -1 365 20 -1 5 619 -1 416 -1 793 875 426 329 -1 -1 -1 633 172 -1 466 305 -1 556 745 650 744 -1 56
287 -1 -1 161 846 -1 835 692 -1 879 -1 756 848 121 238 -1 -1 -1 273 743 -1 212 107 -1 926 621 224 461 -1 244
763 633 771 375 597 477 205 902 349 79 493 872 902 663 165 892 787 446 184 44 455 329 21 150 859 307 764 57 272 809
-1 337 -1 645 704 269 -1 -1 -1 271 700 333 709 -1 674 605 -1 546 285 328 -1 -1 -1 783 73 -1 495 -1 -1 -1
-1 861 -1 126 728 483 -1 -1 -1 984 963 969 363 -1 339 829 -1 829 334 203 -1 -1 -1 454 781 -1 299 -1 -1 -1
526 155 104 34 656 553 937 604 952 391 985 760 678 267 954 575 36 982 695 90 982 594 685 572 978 988 595 387 809 443
680 -1 -1 -1 -1 850 -1 466 826 -1 -1 -1 89 795 -1 39 -1 319 -1 -1 513 821 -1 -1 -1 361 -1 -1 -1 -1
719 -1 -1 -1 -1 700 -1 546 366 -1 -1 -1 991 742 -1 642 -1 342 -1 -1 25 75 -1 -1 -1 966 -1 -1 -1 -1
30 23 11 19 27 7 15 6 16 4 8 13 30 1 28 30 19 17 6 6 18 29 6 18 21 26 27 27 3 9 29
