40 40
362 958 736 60 808 39 69 664 20 101 632 985 301 585 432 280 116 442 542 308 897 657 706 678 228 430 355 430 284 65 378 723 953 145 254 766 316 494 488 918
-1 187 -1 -1 -1 -1 -1 618 -1 736 -1 455 -1 -1 555 -1 -1 409 -1 553 555 -1 -1 -1 225 -1 -1 566 251 -1 -1 -1 -1 381 -1 -1 588 -1 151 -1
-1 398 -1 -1 -1 -1 -1 527 -1 454 -1 378 -1 -1 223 -1 -1 44 -1 381 119 -1 -1 -1 990 -1 -1 441 174 -1 -1 -1 -1 415 -1 -1 683 -1 90 -1
958 80 801 77 933 240 320 285 727 239 589 274 63 100 81 767 902 495 907 42 388 458 852 451 256 827 372 588 203 938 10 219 821 417 135 480 317 709 594 76
-1 -1 -1 -1 -1 -1 -1 624 601 -1 583 573 -1 -1 -1 838 766 191 -1 242 -1 -1 -1 213 718 -1 -1 -1 273 372 -1 656 -1 485 834 -1 -1 -1 613 -1
-1 -1 -1 -1 -1 -1 -1 173 560 -1 443 486 -1 -1 -1 535 557 313 -1 514 -1 -1 -1 951 345 -1 -1 -1 173 735 -1 694 -1 993 651 -1 -1 -1 95 -1
736 801 97 331 222 297 359 654 968 532 37 32 538 695 939 435 467 433 208 781 460 971 173 278 957 308 809 784 925 781 413 97 981 470 840 553 652 846 260 977
435 568 -1 403 376 -1 -1 853 629 -1 781 316 -1 990 -1 752 886 -1 -1 555 -1 23 -1 -1 -1 337 986 844 -1 -1 867 614 574 -1 -1 537 596 327 -1 581
966 430 -1 160 750 -1 -1 809 932 -1 425 226 -1 821 -1 971 179 -1 -1 137 -1 125 -1 -1 -1 225 643 618 -1 -1 195 81 126 -1 -1 320 623 577 -1 977
60 77 331 978 152 422 109 422 313 631 951 4 372 272 226 281 7 531 429 984 730 189 25 607 223 825 438 471 3 957 563 583 345 665 873 912 823 311 943 730
-1 143 56 -1 707 808 -1 -1 -1 403 589 -1 -1 -1 535 -1 -1 423 -1 -1 -1 -1 224 805 -1 -1 -1 389 167 -1 136 -1 -1 732 887 830 -1 -1 761 -1
-1 38 453 -1 619 302 -1 -1 -1 146 948 -1 -1 -1 738 -1 -1 216 -1 -1 -1 -1 63 795 -1 -1 -1 643 83 -1 864 -1 -1 590 583 520 -1 -1 352 -1
808 933 222 152 326 445 534 789 750 669 728 266 936 182 66 976 795 793 815 503 456 94 181 473 983 644 372 860 40 236 989 992 770 909 856 967 589 992 69 927
346 -1 -1 -1 -1 -1 -1 463 -1 746 -1 -1 336 -1 373 -1 -1 -1 891 945 -1 254 -1 586 589 -1 864 -1 960 -1 410 -1 176 13 -1 -1 119 -1 -1 -1
851 -1 -1 -1 -1 -1 -1 671 -1 395 -1 -1 488 -1 754 -1 -1 -1 498 732 -1 697 -1 180 413 -1 250 -1 726 -1 456 -1 817 602 -1 -1 100 -1 -1 -1
39 240 297 422 445 173 394 8 430 965 254 746 615 424 21 334 332 238 807 781 802 471 219 319 332 370 153 867 472 319 162 410 278 679 310 20 231 82 829 32
388 245 -1 -1 -1 -1 957 -1 137 -1 -1 981 106 818 397 -1 32 -1 972 203 912 518 -1 19 -1 -1 68 248 -1 330 -1 845 225 560 41 -1 635 984 780 -1
5 456 -1 -1 -1 -1 851 -1 793 -1 -1 828 696 159 307 -1 183 -1 35 873 967 369 -1 601 -1 -1 871 597 -1 883 -1 55 679 852 9 -1 947 598 385 -1
69 320 359 109 534 394 344 989 443 575 343 453 479 482 537 849 447 231 798 49 587 145 936 172 498 286 541 795 109 919 85 61 235 163 898 867 773 667 601 397
-1 -1 -1 -1 -1 -1 354 -1 659 116 -1 -1 -1 338 950 993 -1 366 760 565 250 -1 925 378 -1 -1 -1 841 -1 -1 959 885 218 631 -1 -1 -1 47 44 360
-1 -1 -1 -1 -1 -1 168 -1 270 558 -1 -1 -1 304 684 393 -1 116 387 91 883 -1 256 652 -1 -1 -1 916 -1 -1 263 395 989 353 -1 -1 -1 147 562 891
664 285 654 422 789 8 989 390 687 81 813 980 550 708 535 838 627 669 565 205 715 58 737 336 225 860 72 528 955 970 101 213 474 301 414 406 557 244 404 12
252 -1 -1 160 843 698 770 312 -1 -1 -1 -1 -1 -1 -1 -1 797 757 -1 -1 891 23 -1 -1 -1 409 -1 925 -1 503 -1 -1 -1 -1 -1 -1 142 -1 578 108
734 -1 -1 642 970 2 935 677 -1 -1 -1 -1 -1 -1 -1 -1 702 597 -1 -1 294 443 -1 -1 -1 508 -1 215 -1 53 -1 -1 -1 -1 -1 -1 38 -1 199 420
20 727 968 313 750 430 443 687 635 79 767 456 966 726 236 542 342 811 896 641 404 77 376 3 592 837 839 17 49 363 763 382 624 86 285 968 933 503 620 24
470 -1 -1 873 975 -1 -1 -1 91 373 241 323 -1 185 -1 -1 485 344 -1 100 805 -1 -1 325 137 822 456 690 -1 457 -1 511 219 825 349 -1 -1 -1 -1 -1
461 -1 -1 751 839 -1 -1 -1 158 484 366 228 -1 105 -1 -1 294 844 -1 838 857 -1 -1 985 42 432 30 467 -1 711 -1 1 888 32 273 -1 -1 -1 -1 -1
101 239 532 631 669 965 575 81 79 29 483 720 930 626 458 193 735 455 183 216 284 305 154 78 782 859 252 51 904 427 541 207 928 466 517 273 543 295 787 129
315 -1 -1 -1 -1 785 419 -1 890 796 -1 673 -1 -1 801 -1 -1 805 696 206 -1 -1 -1 -1 55 97 253 861 369 707 836 628 588 -1 -1 238 693 277 -1 389
464 -1 -1 -1 -1 437 284 -1 157 123 -1 416 -1 -1 331 -1 -1 628 143 302 -1 -1 -1 -1 259 290 289 310 539 448 989 955 636 -1 -1 973 182 742 -1 253
632 589 37 951 728 254 343 813 767 483 91 573 680 576 939 123 239 554 578 961 318 940 648 119 780 749 102 132 82 838 324 720 168 390 497 725 349 263 534 936
698 441 336 -1 468 -1 855 -1 697 -1 -1 613 994 -1 590 562 686 -1 -1 -1 -1 747 750 352 -1 291 844 960 -1 -1 -1 -1 -1 -1 -1 240 -1 692 -1 -1
128 741 197 -1 183 -1 688 -1 105 -1 -1 707 940 -1 628 930 281 -1 -1 -1 -1 197 576 218 -1 338 895 484 -1 -1 -1 -1 -1 -1 -1 185 -1 43 -1 -1
985 274 32 4 266 746 453 980 456 720 573 554 875 624 832 244 149 795 607 840 176 495 149 980 75 995 397 449 279 464 605 894 420 110 358 268 945 756 264 651
-1 245 514 -1 -1 -1 906 -1 -1 105 432 -1 -1 -1 779 -1 194 180 171 -1 -1 78 814 -1 710 -1 -1 673 -1 -1 57 599 120 44 -1 -1 840 194 -1 -1
-1 308 623 -1 -1 -1 30 -1 -1 707 571 -1 -1 -1 117 -1 884 670 319 -1 -1 239 3 -1 752 -1 -1 986 -1 -1 448 744 272 592 -1 -1 852 815 -1 -1
301 63 538 372 936 615 479 550 966 930 680 875 483 662 177 872 936 445 316 313 928 734 496 674 801 713 414 437 924 789 925 722 88 314 655 249 998 202 729 681
729 370 289 805 -1 607 245 -1 91 285 137 -1 767 -1 -1 -1 416 418 143 877 -1 -1 6 -1 854 -1 -1 164 905 -1 -1 256 -1 589 -1 824 665 500 -1 373
401 218 105 650 -1 798 207 -1 649 644 497 -1 231 -1 -1 -1 809 864 334 780 -1 -1 166 -1 955 -1 -1 3 406 -1 -1 819 -1 274 -1 244 63 795 -1 388
585 100 695 272 182 424 482 708 726 626 576 624 662 421 158 882 537 292 275 438 279 766 234 118 960 226 517 319 908 201 593 380 714 979 945 107 570 408 651 485
560 300 490 405 492 32 532 -1 -1 639 131 -1 -1 713 -1 -1 -1 642 360 209 66 163 -1 175 -1 803 -1 -1 240 -1 90 504 -1 -1 -1 920 935 -1 -1 -1
925 822 774 506 644 182 38 -1 -1 444 850 -1 -1 521 -1 -1 -1 323 112 770 219 612 -1 75 -1 446 -1 -1 113 -1 258 931 -1 -1 -1 470 863 -1 -1 -1
432 81 939 226 66 21 537 535 236 458 939 832 177 158 9 646 691 774 473 634 278 344 645 682 484 102 741 886 45 495 280 501 490 500 111 128 499 405 570 71
665 -1 -1 -1 -1 457 -1 -1 135 -1 31 -1 -1 -1 823 726 867 380 -1 -1 -1 -1 -1 -1 -1 485 -1 485 624 -1 -1 451 -1 -1 -1 -1 86 -1 -1 -1
408 -1 -1 -1 -1 29 -1 -1 157 -1 476 -1 -1 -1 700 796 366 43 -1 -1 -1 -1 -1 -1 -1 602 -1 624 774 -1 -1 280 -1 -1 -1 -1 943 -1 -1 -1
280 767 435 281 976 334 849 838 542 193 123 244 872 882 646 517 707 262 157 234 164 741 420 291 986 360 480 801 604 865 497 132 163 950 22 75 406 871 799 359
-1 677 871 192 -1 -1 101 -1 -1 470 748 795 666 851 801 226 276 63 -1 -1 -1 -1 -1 -1 162 772 609 -1 946 -1 -1 189 1000 -1 -1 -1 206 -1 157 -1
-1 233 986 750 -1 -1 409 -1 -1 616 242 5 563 544 977 754 785 356 -1 -1 -1 -1 -1 -1 611 455 359 -1 493 -1 -1 373 614 -1 -1 -1 445 -1 190 -1
116 902 467 7 795 332 447 627 342 735 239 149 936 537 691 707 934 890 560 174 488 753 64 360 118 879 134 977 875 986 553 174 93 802 194 650 493 425 889 955
782 315 -1 614 -1 -1 -1 926 -1 9 -1 375 914 251 -1 -1 -1 -1 183 -1 -1 -1 159 215 -1 246 238 -1 891 380 969 -1 27 845 -1 550 -1 -1 -1 102
158 415 -1 702 -1 -1 -1 414 -1 689 -1 257 311 292 -1 -1 -1 -1 334 -1 -1 -1 847 434 -1 88 676 -1 506 291 327 -1 413 225 -1 410 -1 -1 -1 898
442 495 433 531 793 238 231 669 811 455 554 795 445 292 774 262 890 515 292 837 150 265 644 634 882 461 587 429 660 31 40 599 820 681 644 408 364 57 967 367
64 -1 715 255 794 241 355 -1 914 144 542 -1 179 -1 -1 -1 -1 -1 424 111 -1 146 -1 -1 -1 -1 -1 474 -1 -1 250 256 -1 87 801 915 458 769 321 -1
867 -1 920 943 962 297 73 -1 552 550 67 -1 874 -1 -1 -1 -1 -1 972 12 -1 926 -1 -1 -1 -1 -1 622 -1 -1 948 156 -1 515 851 19 93 330 751 -1
542 907 208 429 815 807 798 565 896 183 578 607 316 275 473 157 560 292 399 130 252 618 785 181 26 413 123 968 88 224 996 306 317 210 518 836 26 84 694 686
-1 -1 535 -1 162 -1 -1 985 -1 -1 304 -1 -1 -1 -1 297 654 -1 -1 155 -1 -1 -1 713 -1 268 -1 -1 -1 21 -1 65 -1 -1 911 45 351 974 -1 581
-1 -1 132 -1 554 -1 -1 41 -1 -1 66 -1 -1 -1 -1 230 996 -1 -1 975 -1 -1 -1 109 -1 532 -1 -1 -1 629 -1 725 -1 -1 612 846 18 577 -1 276
308 42 781 984 503 781 49 205 641 216 961 840 313 438 634 234 174 837 130 276 342 238 507 367 554 621 280 795 103 557 45 864 429 574 331 349 819 639 26 434
558 586 1 -1 -1 -1 -1 178 -1 816 143 901 514 771 -1 -1 -1 -1 889 628 -1 -1 957 161 145 -1 356 165 512 -1 575 294 -1 662 -1 -1 -1 364 -1 875
548 639 806 -1 -1 -1 -1 386 -1 542 913 76 615 558 -1 -1 -1 -1 30 799 -1 -1 826 874 240 -1 765 970 292 -1 601 900 -1 293 -1 -1 -1 846 -1 316
897 388 460 730 456 802 587 715 404 284 318 176 928 279 278 164 488 150 252 342 722 362 232 152 640 299 302 22 791 221 78 13 575 265 271 630 313 815 626 808
741 378 737 263 -1 -1 -1 -1 945 701 140 761 -1 466 -1 -1 544 -1 385 -1 -1 78 -1 -1 535 -1 -1 -1 -1 -1 -1 608 -1 -1 152 317 481 599 181 672
50 559 250 559 -1 -1 -1 -1 2 600 749 90 -1 174 -1 -1 651 -1 24 -1 -1 262 -1 -1 784 -1 -1 -1 -1 -1 -1 329 -1 -1 921 79 805 835 508 245
657 458 971 189 94 471 145 58 77 305 940 495 734 766 344 741 753 265 618 238 362 498 771 442 495 826 299 196 620 428 693 696 932 314 682 358 734 498 538 383
591 113 -1 546 868 77 -1 -1 -1 356 462 593 -1 320 921 -1 820 470 -1 -1 725 -1 926 763 812 351 131 -1 477 -1 422 243 125 -1 300 438 -1 977 -1 -1
104 536 -1 777 895 914 -1 -1 -1 546 214 962 -1 282 947 -1 189 610 -1 -1 64 -1 243 369 326 370 79 -1 992 -1 249 341 62 -1 800 850 -1 274 -1 -1
706 852 173 25 181 219 936 737 376 154 648 149 496 234 645 420 64 644 785 507 232 771 711 846 219 388 356 64 854 168 348 230 108 752 440 544 765 227 167 334
838 684 258 -1 117 376 955 -1 964 708 336 696 -1 747 320 876 -1 659 -1 284 -1 745 -1 -1 681 770 209 -1 571 197 -1 -1 5 676 81 -1 -1 652 -1 175
442 700 657 -1 170 626 944 -1 350 480 42 806 -1 323 238 542 -1 449 -1 52 -1 84 -1 -1 957 957 945 -1 826 184 -1 -1 562 375 811 -1 -1 448 -1 477
678 451 278 607 473 319 172 336 3 78 119 980 674 118 682 291 360 634 181 367 152 442 846 837 334 38 461 515 994 786 139 982 899 219 654 541 609 817 190 329
609 625 665 573 -1 284 706 237 -1 331 851 -1 -1 221 20 377 -1 -1 -1 148 -1 -1 390 -1 846 750 -1 -1 299 -1 297 -1 824 417 763 -1 351 506 -1 169
501 832 883 2 -1 853 242 506 -1 867 228 -1 -1 389 476 605 -1 -1 -1 791 -1 -1 986 -1 992 754 -1 -1 912 -1 436 -1 524 638 625 -1 239 464 -1 470
228 256 957 223 983 332 498 225 592 782 780 75 801 960 484 986 118 882 26 554 640 495 219 334 141 145 671 890 327 148 323 787 335 59 934 753 180 209 677 862
585 -1 -1 -1 920 -1 157 292 424 -1 -1 364 486 18 572 -1 668 884 688 981 241 170 503 -1 -1 228 -1 -1 119 -1 -1 164 -1 -1 -1 -1 -1 275 -1 -1
190 -1 -1 -1 155 -1 330 229 120 -1 -1 64 875 385 480 -1 356 556 870 136 482 178 611 -1 -1 974 -1 -1 63 -1 -1 477 -1 -1 -1 -1 -1 585 -1 -1
430 827 308 825 644 370 286 860 837 859 749 995 713 226 102 360 879 461 413 621 299 826 388 38 145 234 746 68 681 202 926 623 916 639 928 880 870 796 649 760
484 65 931 -1 159 -1 520 -1 752 706 -1 -1 354 -1 -1 -1 -1 -1 -1 -1 -1 -1 829 -1 -1 663 335 962 102 -1 647 134 -1 908 -1 -1 -1 -1 397 -1
573 628 511 -1 21 -1 956 -1 767 580 -1 -1 19 -1 -1 -1 -1 -1 -1 -1 -1 -1 941 -1 -1 922 592 277 381 -1 41 325 -1 958 -1 -1 -1 -1 513 -1
355 372 809 438 372 153 541 72 839 252 102 397 414 517 741 480 134 587 123 280 302 299 356 461 671 746 670 610 93 817 885 876 92 503 428 846 226 85 739 296
295 742 -1 -1 507 619 -1 -1 220 -1 227 -1 -1 -1 929 451 253 91 889 854 -1 995 775 -1 523 -1 -1 456 -1 -1 -1 733 -1 -1 -1 84 -1 187 -1 716
971 811 -1 -1 916 532 -1 -1 907 -1 578 -1 -1 -1 667 921 746 388 995 918 -1 258 875 -1 295 -1 -1 116 -1 -1 -1 125 -1 -1 -1 573 -1 831 -1 995
430 588 784 471 860 867 795 528 17 51 132 449 437 319 886 801 977 429 968 795 22 196 64 515 890 68 610 656 327 310 389 589 215 635 506 899 337 58 79 258
-1 -1 468 -1 119 195 -1 509 78 932 -1 543 -1 963 -1 211 -1 -1 -1 -1 486 687 244 -1 401 183 996 -1 -1 101 -1 669 -1 -1 703 -1 -1 -1 -1 822
-1 -1 876 -1 29 203 -1 602 143 249 -1 735 -1 477 -1 698 -1 -1 -1 -1 59 350 491 -1 318 803 30 -1 -1 118 -1 946 -1 -1 580 -1 -1 -1 -1 240
284 203 925 3 40 472 109 955 49 904 82 279 924 908 45 604 875 660 88 103 791 620 854 994 327 681 93 327 447 812 189 759 894 456 112 636 375 950 878 866
387 687 -1 -1 687 -1 489 -1 132 -1 547 211 -1 497 945 365 -1 835 593 -1 -1 597 -1 -1 -1 83 -1 505 -1 -1 651 31 -1 -1 688 -1 979 -1 172 -1
886 196 -1 -1 5 -1 227 -1 711 -1 544 660 -1 750 692 621 -1 801 30 -1 -1 729 -1 -1 -1 164 -1 186 -1 -1 107 65 -1 -1 356 -1 582 -1 116 -1
65 938 781 957 236 319 919 970 363 427 838 464 789 201 495 865 986 31 224 557 221 428 168 786 148 202 817 310 812 506 593 208 614 101 878 248 868 51 261 986
738 -1 -1 66 200 -1 893 -1 192 939 62 -1 838 -1 370 -1 -1 869 124 414 489 -1 -1 -1 977 -1 60 202 141 -1 375 634 -1 898 722 349 901 797 -1 -1
735 -1 -1 220 340 -1 612 -1 501 255 239 -1 272 -1 371 -1 -1 323 9 965 403 -1 -1 -1 654 -1 182 418 432 -1 281 647 -1 411 124 983 95 920 -1 -1
378 10 413 563 989 162 85 101 763 541 324 605 925 593 280 497 553 40 996 45 78 693 348 139 323 926 885 389 189 593 399 968 293 468 434 946 161 717 304 328
-1 -1 -1 -1 803 559 347 -1 517 515 614 195 141 342 448 190 -1 852 -1 -1 339 625 -1 966 -1 830 429 -1 874 652 603 174 404 244 -1 515 105 184 279 835
-1 -1 -1 -1 461 45 354 -1 307 369 293 691 870 163 312 461 -1 618 -1 -1 14 948 -1 829 -1 168 457 -1 648 554 613 591 33 604 -1 156 481 853 512 608
723 219 97 583 992 410 61 213 382 207 720 894 722 380 501 132 174 599 306 864 13 696 230 982 787 623 876 589 759 208 968 54 678 791 698 255 992 523 386 261
-1 704 540 360 562 -1 -1 899 488 150 -1 -1 938 -1 2 214 320 -1 641 387 -1 30 422 952 -1 680 61 -1 -1 -1 -1 243 852 -1 -1 24 -1 -1 -1 156
-1 781 912 876 625 -1 -1 196 338 607 -1 -1 729 -1 665 114 816 -1 732 524 -1 23 595 187 -1 687 418 -1 -1 -1 -1 889 983 -1 -1 710 -1 -1 -1 373
953 821 981 345 770 278 235 474 624 928 168 420 88 714 490 163 93 820 317 429 575 932 108 899 335 916 92 215 894 614 293 678 987 432 84 661 743 495 392 111
712 -1 -1 422 618 -1 -1 -1 856 -1 -1 -1 336 583 22 -1 990 106 -1 -1 686 -1 645 473 132 -1 332 -1 -1 -1 73 -1 392 -1 -1 -1 -1 890 300 249
783 -1 -1 534 933 -1 -1 -1 293 -1 -1 -1 783 548 423 -1 231 884 -1 -1 195 -1 471 978 914 -1 249 -1 -1 -1 918 -1 953 -1 -1 -1 -1 752 600 770
145 417 470 665 909 679 163 301 86 466 390 110 314 979 500 950 802 681 210 574 265 314 752 219 59 639 503 635 456 101 468 791 432 385 916 715 817 516 437 790
-1 -1 -1 -1 938 20 818 -1 -1 -1 205 638 -1 -1 -1 -1 611 -1 -1 -1 -1 418 -1 900 -1 933 902 154 941 769 -1 549 113 -1 377 -1 187 -1 -1 231
-1 -1 -1 -1 115 979 20 -1 -1 -1 109 771 -1 -1 -1 -1 72 -1 -1 -1 -1 102 -1 777 -1 19 143 786 983 341 -1 814 97 -1 319 -1 652 -1 -1 304
254 135 840 873 856 310 898 414 285 517 497 358 655 945 111 22 194 644 518 331 271 682 440 654 934 928 428 506 112 878 434 698 84 916 75 601 340 936 977 581
690 -1 754 -1 505 -1 863 815 306 -1 -1 -1 659 -1 889 310 -1 245 465 -1 289 150 811 86 -1 658 -1 341 -1 -1 -1 915 285 -1 -1 171 410 -1 -1 -1
506 -1 974 -1 104 -1 824 412 987 -1 -1 -1 522 -1 196 635 -1 747 950 -1 427 270 915 27 -1 442 -1 342 -1 -1 -1 892 609 -1 -1 154 39 -1 -1 -1
766 480 553 912 967 20 867 406 968 273 725 268 249 107 128 75 650 408 836 349 630 358 544 541 753 880 846 899 636 248 946 255 661 715 601 436 396 958 276 261
570 563 -1 -1 -1 -1 -1 -1 -1 252 -1 707 572 982 389 584 510 -1 871 -1 104 537 320 23 754 -1 -1 -1 -1 256 -1 -1 521 67 366 969 84 -1 115 -1
400 326 -1 -1 -1 -1 -1 -1 -1 214 -1 489 529 867 178 156 116 -1 9 -1 618 973 750 103 417 -1 -1 -1 -1 353 -1 -1 800 707 343 232 404 -1 555 -1
316 317 652 823 589 231 773 557 933 543 349 945 998 570 499 406 493 364 26 819 313 734 765 609 180 870 226 337 375 868 161 992 743 817 340 396 540 486 778 382
-1 -1 -1 -1 203 -1 233 -1 -1 253 -1 -1 -1 -1 344 -1 94 380 816 -1 -1 590 -1 259 -1 -1 455 198 381 705 860 -1 -1 998 989 -1 922 729 -1 -1
-1 -1 -1 -1 701 -1 485 -1 -1 34 -1 -1 -1 -1 257 -1 572 858 174 -1 -1 579 -1 85 -1 -1 338 351 556 577 79 -1 -1 155 197 -1 382 157 -1 -1
494 709 846 311 992 82 667 244 503 295 263 756 202 408 405 871 425 57 84 639 815 498 227 817 209 796 85 58 950 51 717 523 495 516 936 958 486 886 14 640
-1 -1 624 -1 429 -1 680 -1 527 508 -1 15 417 769 312 -1 501 195 -1 380 -1 381 708 -1 459 -1 -1 505 319 -1 -1 742 112 847 -1 395 169 -1 12 -1
-1 -1 103 -1 41 -1 653 -1 700 919 -1 242 59 784 484 -1 531 931 -1 104 -1 110 123 -1 303 -1 -1 421 759 -1 -1 939 565 388 -1 2 559 -1 510 -1
488 594 260 943 69 829 601 404 620 787 534 264 729 651 570 799 889 967 694 26 626 538 167 190 677 649 739 79 878 261 304 386 392 437 977 276 778 14 282 901
801 40 -1 -1 -1 -1 -1 669 -1 -1 -1 -1 106 802 -1 923 -1 301 -1 956 -1 -1 -1 -1 175 238 -1 -1 189 29 -1 -1 137 -1 -1 -1 451 739 -1 -1
476 316 -1 -1 -1 -1 -1 884 -1 -1 -1 -1 106 551 -1 14 -1 639 -1 212 -1 -1 -1 -1 916 918 -1 -1 943 60 -1 -1 701 -1 -1 -1 792 977 -1 -1
918 76 977 730 927 32 397 12 24 129 936 651 681 485 71 359 955 367 686 434 808 383 334 329 862 760 296 258 866 986 328 261 111 790 581 261 382 640 901 126
537 -1 -1 -1 -1 845 -1 -1 -1 -1 -1 -1 -1 431 -1 -1 -1 -1 -1 602 726 -1 -1 323 -1 -1 -1 -1 952 -1 562 -1 377 813 -1 -1 973 -1 699 137
93 -1 -1 -1 -1 330 -1 -1 -1 -1 -1 -1 -1 110 -1 -1 -1 -1 -1 141 136 -1 -1 576 -1 -1 -1 -1 169 -1 406 -1 843 595 -1 -1 984 -1 225 599
40 13 33 32 14 3 14 26 32 2 27 37 22 28 22 39 28 28 8 34 6 33 11 33 12 19 19 7 24 19 40 28 4 20 16 9 14 6 14 16 29
