3212 4352 8
2255 1854 140081
1020 2123 912645
2637 1496 906747
1551 1624 261681
2102 1146 199663
2360 1913 722857
3070 1443 489790
1072 2745 901718
1920 1174 926968
1422 2308 120745
1629 2020 364611
1830 1526 393748
562 2315 450273
911 3064 924654
1754 2943 35108
3017 1365 453232
66 58 216313
1054 1060 944846
2589 1531 551894
1851 844 99707
2072 3 913290
1443 1309 680580
615 449 962408
1432 2249 226832
191 852 744279
2410 124 27322
21 595 659392
2637 3152 64341
44 1050 764893
2660 1934 761602
103 500 650019
1112 2563 529847
1052 3077 517012
2110 3122 231383
1309 1997 897004
3153 1547 289137
2349 3039 179310
728 900 986656
2907 44 692754
2408 1244 533893
2208 2828 13973
2126 259 442731
55 788 940453
1377 1265 576384
123 597 651952
267 2490 673012
2316 1409 934800
2485 514 671993
3206 2068 638557
1853 273 240670
975 3151 571095
1704 2867 659344
825 1781 538167
865 868 878839
1437 1594 881881
126 1714 19889
1694 1790 895248
1638 1397 616567
1357 2490 926670
1140 2411 102482
1190 1054 594166
1174 1672 3008
2221 1927 615816
38 2626 175471
2564 1140 232496
282 2317 451805
1593 461 220596
198 2311 369620
2511 235 975745
244 607 577222
2104 1439 549209
1344 2320 513681
3051 2701 956002
879 1641 763417
1069 1050 7702
2343 1056 867910
854 2243 144971
2824 2647 800481
1506 1974 506790
733 2124 418007
1465 1499 53802
853 9 761362
730 2009 201247
1270 2799 945783
1695 2315 215208
2473 2033 646665
3118 2134 908205
692 1988 258657
2708 271 271913
3072 2416 287439
206 2591 183194
942 2286 301016
2051 878 19659
2610 1608 790037
832 2928 956104
2952 770 729837
1071 182 787173
2263 2986 810487
1298 889 891955
3067 2028 694199
2103 2214 99016
495 2896 561340
1131 503 224818
236 2528 594331
2812 2282 992640
638 545 856083
1452 29 718261
345 3043 521605
2444 1581 526035
735 255 841686
2078 1311 925127
1389 1230 658668
2155 268 613055
2320 1227 761993
21 537 229005
834 2172 434000
1737 2589 815550
1498 1786 859
2569 35 100420
1093 463 859325
1597 608 264323
872 2574 452514
1075 1881 271044
4 590 205192
2970 1393 189117
3040 1063 703585
936 1035 401602
2645 3127 929168
468 1563 521170
42 845 63556
1319 576 433544
3176 2141 935933
465 3070 601444
659 2351 253345
3197 1533 345086
2647 905 525635
895 1939 483279
3026 1913 453304
1960 618 361443
94 15 85662
1528 482 870631
2631 453 961075
566 671 544723
3068 1585 347861
984 730 224700
3047 320 947941
2545 570 438337
1779 150 427642
113 626 981400
821 1049 443468
488 1862 447165
2807 398 259560
1280 1224 548414
1489 2106 735441
201 1725 817838
33 983 364354
1903 1472 798636
819 1053 410246
264 35 689303
1218 3152 206904
851 956 765208
2655 987 410661
2125 596 570644
1604 1118 179076
1447 545 997301
2532 2437 652695
181 1757 383964
3158 1375 564008
2102 163 33902
1308 2754 838377
112 3201 583104
2619 1028 299696
2835 1035 520040
1034 270 733079
3050 724 167337
2379 2493 101365
2023 1815 865795
269 2579 947139
69 2849 641821
839 636 511126
123 2011 828631
941 1690 653309
2960 1155 874297
71 2078 614783
2094 2972 746106
2132 1013 206204
1752 138 407414
1218 508 960165
1172 1423 644471
2812 1453 801442
2825 113 507558
1935 2254 386055
146 1649 768535
377 2640 447546
452 278 903543
2160 589 317997
827 1935 37339
264 1926 937723
1945 2014 96430
2489 565 297451
1599 2583 352254
2196 1715 950790
901 101 102059
2524 1090 424541
1525 784 526582
365 3110 282658
1388 826 615914
41 2765 495210
1208 1212 274418
1204 2189 662214
1958 2370 424959
171 142 514180
1353 1559 556251
2620 306 545358
2616 753 361303
1008 2087 594789
3118 2420 599446
481 1623 405058
3027 2245 302396
1854 2170 37522
1806 921 618751
726 2336 435413
1122 1704 150224
251 2837 230747
1611 1066 536110
1693 891 436642
643 809 512976
1175 1092 128535
2149 418 496181
2941 3082 640496
410 1661 767505
455 1848 572395
2843 2006 242718
2817 690 825070
306 1967 360965
429 2588 404418
2733 2184 23856
2239 2564 807094
425 675 687029
640 954 309333
1725 1056 907433
2105 86 769228
1564 1760 820999
918 1638 738659
245 71 165060
1691 705 797278
933 460 302840
2248 824 35000
21 1215 372339
267 1179 196292
1695 794 908129
2279 2644 388585
780 3087 675876
3034 697 65536
1837 2209 916341
335 2544 719252
106 654 138046
1803 1609 963454
1783 999 691520
2146 2643 529507
2959 2903 975907
1991 576 433812
71 2890 499560
325 1123 249609
913 1081 583535
912 1743 171522
2521 3142 533422
713 1667 482690
3096 27 375799
2129 308 365169
2292 205 232812
2941 1520 764181
2320 360 364617
283 1009 355766
1218 2400 124694
3085 1317 755540
2787 503 224817
613 2342 560014
1351 358 827964
859 869 686489
1335 786 247792
2507 2046 763106
431 8 592261
1543 363 661257
1708 2941 104325
752 2589 181891
1543 1416 669813
1583 1304 234324
2329 286 901095
1238 238 896174
2092 341 751462
1601 732 554865
1598 993 27079
2675 2373 50248
729 2764 646609
742 607 809829
1670 1308 786129
1273 948 171169
2739 1351 715525
2428 434 264443
2133 3143 586218
1122 628 586803
2059 2512 822316
2819 1218 387595
2905 3164 263986
803 1159 594531
2001 1330 883212
855 422 280374
1776 2130 581570
64 1898 861885
2121 293 988994
747 1996 112615
1743 3200 733294
1000 1400 291259
2300 496 860168
1894 911 169043
2871 498 22915
2479 3008 336765
447 3125 457071
1438 2053 743928
894 1073 300936
1635 2733 615057
1469 2014 450531
816 1928 820192
2209 2162 167743
1881 2872 932139
2079 436 324717
1924 252 853854
1941 94 23395
2083 431 700012
2187 850 385002
2836 498 142222
381 1562 955434
2516 1314 624670
1087 2909 250456
1704 709 595479
1778 1355 302532
2701 1296 277108
605 1733 678280
98 603 495403
344 1253 458456
56 1293 43661
700 2653 180331
2405 571 876100
958 2506 510092
1951 912 519600
1302 2221 196297
337 1351 874919
3052 1715 525437
1888 1237 402832
1671 2803 203779
2644 482 670755
385 1548 351361
2209 2379 263112
2195 307 685015
1234 426 284753
2098 1311 328235
1821 2002 448990
2939 1397 817243
1932 253 447637
2276 1212 687558
2603 3052 903811
3011 1338 601535
402 811 908762
656 1728 724951
2964 2282 549903
691 2056 613966
2984 220 562328
2736 154 389534
2880 1971 478792
833 34 249387
3107 1861 1936
1402 695 839251
3098 2326 362907
259 1443 497431
188 806 729293
3075 1448 963564
1188 35 256160
2457 2997 28905
568 2244 786596
1777 151 427604
2895 1021 449177
1595 2466 424787
455 2020 555123
2819 871 389684
533 1747 530738
1150 1427 458337
2779 1300 505124
2966 755 299373
1046 2582 677185
1834 1248 705916
1717 2015 76969
3076 2794 297242
2717 1040 745733
491 1084 814690
2397 1928 272448
1926 275 891792
2669 346 547113
504 605 430766
1848 2948 289199
2338 2464 811616
1385 801 660033
830 3120 949973
2933 439 289736
3116 734 177811
1682 2134 445130
2540 2871 207141
1506 1083 31652
1083 2061 225068
2474 2176 30444
459 2593 179655
690 1182 511211
867 415 408040
2455 2700 443835
2537 3171 919356
101 1366 469897
356 1145 245375
1375 2631 668336
2361 44 993506
584 1019 947384
216 2187 196450
1368 110 671475
2923 857 522031
856 446 827579
292 611 762750
1604 631 119251
3149 1792 959923
1643 874 249504
686 2001 106422
1656 863 805066
2402 143 460505
912 2821 982204
262 1930 614572
2471 2513 282492
2935 1040 103205
2570 3070 521841
2307 527 623927
2744 1801 506808
1848 573 274230
2428 1056 837865
774 3202 63532
1822 288 129908
239 2452 852676
648 1972 790171
712 1611 23448
2489 1125 5203
2359 298 263137
1375 2741 520964
2279 219 868162
886 2740 861858
1972 1767 282362
21 1218 448878
2221 1771 397293
740 599 868309
1420 95 553750
2952 2689 955755
3154 2400 231378
2124 2500 243212
731 1841 544596
2021 588 264857
1104 1438 782889
2933 2664 193875
1612 2470 832687
1356 1350 96158
2653 1740 159776
376 1776 657244
1889 994 870204
2675 2990 191787
673 1917 119392
19 2658 953797
2198 1920 92266
1237 3085 606396
1471 2563 828109
1199 2611 757271
959 1476 153215
1502 2551 979669
1052 2790 364485
2945 2361 103492
1025 2491 336224
2724 1073 953349
889 1977 102367
939 2129 243943
2761 883 967624
2206 2858 778341
973 1402 591660
2626 1340 580038
966 459 994446
2199 3201 585880
1626 2472 217848
551 1720 609746
261 412 47651
2426 931 923660
301 199 642824
395 915 408931
2303 2272 9552
1063 1040 772278
2158 2733 23836
2257 1590 148799
3080 2785 828922
347 450 725719
1246 3094 557357
583 314 472083
1612 1804 460000
1610 1527 487868
2491 1327 499631
2135 1700 196726
1612 2989 563994
1171 1742 815929
447 2333 288910
1302 2391 105388
1752 1569 876506
2533 1085 343468
2798 726 64308
3134 2820 230560
2306 953 165101
862 3195 600126
1531 2337 965248
582 2847 654055
3112 420 419322
930 2573 884579
1310 2576 967438
67 1163 801218
1064 44 621568
2395 1455 559448
2865 1352 630452
2599 2485 231323
2110 2330 668635
562 1751 402211
1702 1094 712321
1789 1862 266694
1091 786 757758
755 1003 710037
3058 2878 876927
2298 20 292544
694 1919 530232
1455 3102 87690
2298 607 468273
1275 2520 47985
2790 2653 462770
636 46 869222
3080 808 859861
88 1036 567404
1796 1941 560814
1797 334 33752
2081 914 522721
930 1761 314156
1035 509 491017
1990 2988 519449
1236 1711 456648
1943 285 580376
123 1359 287288
2240 1902 870252
2344 164 814261
408 20 603135
2860 2714 666892
2764 540 951198
608 2260 898764
1181 981 546779
1494 2239 669296
960 1170 225606
1812 2983 951151
2442 1109 303824
2715 1312 722025
2922 2873 338757
1976 1699 941686
450 3053 335596
2070 2531 378900
31 3001 886725
627 2843 885940
722 2871 517095
1116 3002 531818
1668 2083 650621
1172 870 796599
445 1240 732963
660 1914 463805
1877 3 11370
1615 2539 632263
2564 2738 202604
1706 1338 920571
917 2074 667285
2119 1373 446373
1878 565 957816
2078 912 806760
2839 3016 122386
2396 859 739532
2628 2772 938407
1528 2034 616231
692 153 552830
1081 1204 808562
456 2528 247426
1423 1405 793137
902 202 565247
2066 235 426822
1816 2131 776830
3103 80 214042
141 1171 93190
761 2915 849713
987 197 648824
2369 2836 759186
3019 765 15246
1227 1246 886104
2666 908 377529
2902 296 307104
1288 2256 653981
918 3052 437911
1507 438 236018
3150 1229 394535
461 1097 945985
2268 3035 675526
2587 2544 258432
780 2361 400675
2452 972 442131
1201 403 468790
1262 528 867624
3023 1911 761324
3160 346 433782
335 1842 401332
420 1179 308762
2105 772 222832
1324 1922 581911
853 1592 739779
1809 3126 309937
456 1473 595772
2411 2946 791341
809 979 665765
1301 667 768623
2737 1486 847858
3112 1746 150393
1424 2666 201297
623 495 76740
1550 2351 238482
1166 702 621893
1289 852 63356
2728 944 88135
2690 36 301813
2984 818 375911
3211 1769 415955
1414 2379 974905
327 2289 898571
1581 1376 4542
1139 2590 979261
1760 210 961544
1996 2438 60259
1471 2123 335539
118 2292 841565
2308 1665 904968
1495 2575 469986
990 689 269176
2113 233 729228
703 2864 123322
1867 2642 698504
1532 652 676170
655 1703 507682
2407 262 710791
1230 2758 168625
1369 1227 129649
2492 1382 672812
1679 266 795781
462 2205 893649
411 1845 907709
1510 1613 120437
2995 88 505455
1927 1116 61942
2678 1659 563401
1350 23 578497
487 2166 778160
1142 2954 455944
743 933 595643
1907 1702 676300
2444 1090 756759
2833 560 731594
3156 2372 920257
3181 2826 569229
127 2822 216163
488 1616 564633
2289 2315 405652
2649 1977 497463
492 1170 173623
2141 3204 483114
2186 1280 113975
2242 2339 502005
1023 1556 35301
2685 1423 5839
463 1211 890295
2100 1102 247981
67 33 103205
77 197 153522
1198 417 526186
2781 2973 710973
2690 1003 81629
2889 430 167574
1497 901 357427
203 792 652287
3030 1799 433242
3177 2963 479836
1056 1753 485051
1850 425 881478
1936 496 711828
3054 33 256186
1674 1456 502265
2393 2263 324449
2795 2349 205165
1496 688 18820
2246 420 299817
509 733 984662
3019 1033 625713
925 2388 939173
2799 1491 846935
859 3046 463783
957 1864 479894
919 272 516197
771 377 652051
2405 857 943375
2597 1046 204091
200 2969 997604
1126 767 313149
1004 461 214916
493 2186 708075
3144 2526 772316
2062 1923 403834
361 1572 270966
2611 1735 623898
2440 1109 171874
1430 2946 771195
2526 1759 302476
890 305 929253
267 1523 803684
1199 1255 599739
2793 1754 366636
1994 1003 548885
2343 2719 642666
2721 128 81472
714 319 671987
211 717 529563
396 1069 631960
433 1520 590615
1764 1539 128247
125 2754 179091
2238 513 761257
2512 1096 626139
20 2494 652683
2684 1946 842180
1482 260 945523
311 3169 304494
1482 1098 681594
2528 1539 413981
708 2789 863720
1600 911 615101
1934 611 247049
2924 10 735097
2852 1244 505298
1094 3074 767486
1275 898 454519
2670 1398 270106
1268 1081 888085
1640 1847 204404
868 801 105663
640 1710 482351
3086 496 961455
541 2143 250984
1366 2568 139667
2158 1898 372305
2601 2629 515450
1743 268 866224
210 2059 598369
2781 285 433984
1836 1292 447847
2455 1490 900267
746 2633 16273
1209 1690 174185
2508 2168 20290
1041 182 988097
2383 3070 82628
57 514 653666
2761 1319 647476
307 1351 733734
871 1403 965845
2817 763 425579
2552 2251 42811
2082 2124 215766
107 344 183449
1193 905 232622
280 1676 386866
3134 2890 614425
1380 184 501729
2690 1731 779006
2852 1411 789582
1141 341 345599
2121 3018 622006
1047 601 41689
406 2620 383965
2190 1394 574691
809 1348 79770
424 1923 668008
1192 1341 735751
3069 2225 660074
580 1467 601101
1253 2407 925373
2053 293 880528
1652 2899 189508
214 1071 73348
110 237 590227
1891 2553 175187
2178 1336 347113
2213 1817 417649
2819 3149 94864
261 695 561095
871 781 343387
3101 272 395456
1520 509 453572
1529 118 713212
2648 2853 570409
2954 2994 608151
1576 2198 804586
1805 2406 329629
721 2346 438505
2143 2398 296404
2072 2331 615141
3041 1835 386670
481 207 659259
2288 372 775313
2460 2235 630019
1838 941 508173
1888 911 179467
1499 2225 963106
888 1942 970684
2911 2687 895540
714 2867 709326
517 1802 737812
3062 1943 727729
3006 123 214068
2761 2378 425347
2089 2072 767791
673 1110 738352
418 59 48186
1726 1927 280050
2161 721 862835
715 1098 355501
2033 737 457932
2218 2184 914287
2059 272 389533
2184 218 745994
3090 670 599820
1413 1583 467414
1176 1171 859425
2432 726 40654
2219 1701 58866
1564 223 294478
2370 3063 700848
748 3070 814768
1442 1720 258324
1309 1659 398025
721 2332 273970
1203 2860 345356
2447 2155 400480
3104 4 617985
1100 1601 465739
2489 12 502570
2894 2155 662815
2111 1577 933948
1084 1561 927129
2197 2891 449085
1588 2667 289395
2210 29 344391
2426 3146 605426
2977 1766 156513
1530 1383 855832
2898 1366 802173
556 2119 664682
3104 738 501658
2947 3128 830949
556 723 209024
2551 96 604810
62 721 990362
2488 833 333194
1490 378 381564
381 2488 928984
2478 2729 879610
53 434 672146
2711 2736 378922
1738 572 614292
197 3211 356350
2016 826 565665
653 226 270217
2274 2357 221239
731 2059 118997
1200 2324 27062
77 1889 204709
2832 1365 834676
935 2601 963989
871 2552 524713
1748 1028 589971
3178 739 161530
1530 2781 936449
2039 97 347628
462 2181 247345
278 1430 86191
360 584 39493
1166 313 189964
2986 915 134569
1754 2066 730485
3019 1944 641015
1328 2877 375856
103 399 433134
2766 1504 497575
1181 392 705110
999 725 494103
818 5 122876
612 140 762331
1125 510 456270
1624 2444 917469
3025 1402 939419
994 1444 333792
1024 1687 95537
1575 1279 414773
681 2991 957466
2317 2557 438784
2325 3193 224765
487 709 533102
1317 283 599446
2326 3048 980542
3060 2533 14427
696 223 305073
2028 1720 557044
575 885 441879
1516 3169 595356
1514 1536 22592
2950 1469 745697
2137 2470 837508
3019 1045 931389
7 2624 374647
3029 499 79576
1830 204 729653
2744 614 264867
343 1220 780429
3073 643 6810
2971 3031 510741
138 1872 679902
1670 2458 989267
2918 1265 319606
94 764 773899
638 382 501225
3048 1028 472050
2347 1721 781313
2068 2708 160630
3093 893 197414
2815 1697 490031
1644 2036 168861
2163 2017 365870
2208 1402 161637
541 1397 864873
233 822 157493
3091 539 124681
1606 1459 205789
3133 2151 632024
224 2596 9214
1666 1699 412178
2288 1380 141295
1118 1061 948622
818 1830 993270
1682 2986 655505
3141 2113 612393
121 61 133625
3112 397 880103
3109 2493 356617
2526 3089 996223
1630 1864 555037
1146 896 385124
579 45 413044
41 1340 453842
1030 918 653725
1162 2857 294921
427 1451 821064
253 3112 693164
196 1154 408306
844 1976 178365
1345 2144 158068
1747 66 239040
1115 2900 523824
1834 2357 912626
2223 2992 867617
277 1961 685933
301 2538 493318
1740 3210 439394
118 958 890356
1033 1839 121978
739 1649 494461
1036 2945 59346
2948 416 237065
146 1486 8986
1007 687 394423
1113 644 180049
2802 358 904056
2447 816 984232
820 223 192817
195 1363 278969
255 1846 702930
1038 2988 701802
1594 222 510592
1635 2314 375147
526 364 585699
3141 582 699153
1590 2754 305366
3118 846 387478
202 2206 783601
1637 2106 588470
3197 353 441020
2545 652 637487
2500 947 459002
2427 2450 438877
1071 2886 472728
2413 360 347832
386 887 303928
72 527 276788
2533 2965 979495
1155 1614 498940
600 556 394591
1310 1175 250387
3162 2757 358274
759 546 708176
917 3049 291036
1233 471 719356
816 20 267355
200 2150 411986
37 1829 199511
540 545 925339
1878 1291 981952
1493 2305 142700
239 1267 707632
2523 1937 961477
2226 2342 164630
48 2301 15376
1747 1990 712579
1647 2514 91132
519 2157 308381
189 2116 411324
172 2325 475943
115 445 645032
2871 1226 432241
838 1013 205878
290 1638 924521
1360 688 921758
1525 3133 139782
2655 3175 115280
1783 1250 707220
2204 275 965531
1173 849 412201
1086 799 363876
2088 2290 282732
1641 445 495688
1094 1362 817284
1786 2436 882647
284 430 949164
641 2098 479222
2074 429 448922
1863 2693 747672
2990 284 806094
430 2960 532769
2178 1389 666245
1154 452 81249
2530 2052 261506
474 921 974896
479 687 409662
2357 2984 385267
3011 172 746036
1599 982 776050
1821 1601 732115
1483 1487 126492
2157 2343 66761
2195 1296 760098
2773 2889 657649
1554 490 643059
518 3185 782625
3195 953 926946
2491 1029 303898
1364 2778 107162
2527 2388 960789
950 2282 67201
911 315 539119
1492 636 25913
1144 2895 594617
1357 661 483064
1670 1877 126246
2332 887 358856
234 2150 907033
1232 939 489063
300 2745 513107
697 1697 790020
2934 1774 651710
2310 1726 545627
74 2576 640481
1872 832 773431
2971 656 121897
1971 11 37514
424 1481 663448
2325 287 803315
2354 297 245717
164 2656 862164
2640 847 296408
430 798 394838
2700 3053 629624
2516 1821 45955
2239 3117 808603
3030 732 144774
1450 731 345986
2944 1244 674058
865 559 104054
301 898 497013
1494 2358 143706
90 1156 973192
2156 518 119831
518 2474 58460
2202 2524 629414
1068 513 229700
2403 214 112710
1415 622 146626
58 1846 504259
876 2400 317040
2439 1626 549158
2739 1909 142262
1481 1056 132807
1604 1419 731305
987 1517 637428
3117 1413 489615
1180 320 501701
1538 3116 672500
187 1398 959238
1992 2816 859313
1471 3070 723335
2755 2112 342210
751 42 463564
1391 349 156041
1381 675 19732
2667 3116 842668
7 1351 897296
1198 2318 112846
380 2009 228779
3142 71 252085
1460 2611 459768
1934 2003 762625
424 276 559748
2795 1492 239245
651 988 826561
2375 1325 378413
202 565 883412
631 2726 504651
828 600 194757
3160 1042 280167
2549 1481 808905
621 503 651505
1387 2544 486005
920 1533 940045
970 2582 136392
2259 735 761323
1685 3044 860317
2097 1122 456072
2818 2763 615669
1090 204 581646
117 940 291174
2084 789 553613
2927 1734 113770
892 111 442267
3034 2227 906254
1185 2805 637910
138 140 554684
2707 638 981052
2467 1490 867056
289 2222 351788
2648 1090 589564
138 1391 3141
1836 876 73793
439 1485 895968
3108 2665 421043
1022 2711 92147
2670 1750 888271
1597 2972 182923
1265 1546 596195
1580 2135 672622
2562 1396 193282
1326 995 763028
975 3128 5323
1369 888 676489
59 368 948829
1657 435 490537
1718 231 972066
567 2941 452864
1287 1020 92733
2018 2191 240643
3156 1214 413722
1827 486 503735
3125 615 658328
1931 2490 68454
2757 515 95901
950 3097 298304
1647 1798 789886
2354 2770 451293
2901 2317 466385
2421 1963 154452
1099 1503 606938
2436 553 638400
1827 212 309207
843 3107 478359
1397 1643 946672
1599 1067 633840
1370 2870 522694
1390 2144 22744
2230 959 574238
1573 1364 971735
2283 3110 286835
1011 2334 211533
492 1577 834846
1123 1264 773356
427 2059 580715
1654 512 26649
932 770 970113
2690 1041 684652
452 1432 750517
1262 1686 267848
1258 438 993524
1401 2934 961952
1964 2584 179155
495 735 376144
3141 1993 624957
3181 2944 684124
1786 790 970625
2989 1837 533265
907 294 50109
415 2352 174973
1374 1274 520051
1641 2323 719444
2193 286 679343
763 30 607017
2537 3196 650522
2050 2521 200590
1318 2828 796582
2454 1917 707089
415 818 399134
2340 1316 948956
1474 1897 285457
2674 2784 195441
539 789 23971
2916 2400 940359
2460 2696 305593
395 1990 604813
3190 581 285575
916 2055 929793
2909 138 399295
3074 2303 244404
393 2716 87712
1418 2689 429860
321 3005 172513
913 2917 895615
202 2887 981121
272 58 849145
2866 2508 124277
2947 23 544465
1722 62 83445
2935 288 922285
585 332 253291
2107 2806 801943
1495 594 631489
1870 2069 272987
1934 2274 406222
1393 855 836936
1201 2905 606309
591 3026 787848
283 1734 187266
1890 1973 364517
751 3162 589274
164 1159 157601
2351 2965 654150
1490 1973 52536
382 320 119700
1666 1852 734397
419 2025 818418
2831 1072 162903
2192 2451 621567
1072 436 417632
3108 1775 128696
682 1623 136609
2621 1901 965572
2715 1439 704052
125 502 35941
128 2720 656959
1207 1749 203396
18 1664 504145
1807 252 531424
77 2819 994531
468 1221 482330
1806 1530 648565
2583 207 638888
1219 2037 526730
2902 1182 801820
2617 3022 350986
2625 1188 751832
594 2692 726332
3032 2785 645785
22 181 777766
2630 1798 243685
1548 1824 353865
774 2650 559899
1429 1785 471045
1213 3014 699102
945 2567 970125
460 1007 748453
2946 2495 6351
1840 2451 815530
2815 2859 554540
536 2441 211444
210 908 668567
2570 2954 174667
1378 655 45524
375 2428 860609
1926 400 679064
2533 2033 115424
2347 285 513600
1415 2118 902395
1842 1457 271352
1901 710 389917
2179 2207 448242
985 720 361680
2818 2746 461000
2542 2356 607891
2727 556 732343
2275 1805 738788
2238 2893 67201
784 564 800301
1840 2946 779942
1822 876 200022
2430 2091 369159
973 2384 929967
819 3157 719072
3163 241 720129
2156 757 925928
2631 821 601784
1033 2881 565967
2000 2962 969399
2427 85 782812
81 843 723072
1119 1459 776937
507 1210 935174
641 2943 985477
738 2450 65945
113 1903 273837
2332 628 565686
1615 1439 225711
1691 513 566769
2937 2437 78692
806 1959 239303
1596 2844 331536
2375 1550 688012
1472 2947 911328
1429 470 499638
2209 1445 314119
1865 2315 829517
966 2092 881918
3107 1272 563640
924 1735 135583
672 1685 352812
41 1593 678118
202 2627 49340
1907 603 49164
2176 2751 844352
2853 3150 59528
1675 1364 147115
3117 1271 331563
342 1518 507765
964 2140 649183
131 2368 732329
518 2721 824133
2623 3032 190421
3138 379 338801
996 1311 109844
1874 1700 240267
1802 632 97090
2628 624 597196
907 2687 360131
542 609 294170
1933 2747 170424
1351 1599 959305
1619 156 88392
1755 1426 950455
2047 911 953679
704 905 310859
2927 2936 547309
1112 2647 940306
3117 2015 973045
3093 157 723646
3006 143 143544
2644 512 905669
1356 192 940342
317 297 205467
2917 146 971178
346 859 746452
1672 2779 324471
1271 1840 326242
2689 963 987130
2751 2316 917038
661 756 402037
1574 416 856349
1164 606 704541
683 1176 865897
2709 2003 906569
1028 2980 433954
2736 2635 395392
41 3208 366921
78 376 222245
1950 1934 259664
2665 1893 147594
2050 541 791992
3183 547 765975
2697 565 569551
3110 1644 772637
1264 331 185869
2110 242 240260
1285 1750 780499
2996 3093 69205
510 1003 883656
1682 2329 377068
612 1426 606872
199 2849 669126
2913 559 855059
105 1640 11371
294 2393 742182
2010 1485 579904
2231 2912 376321
1305 670 211060
1220 1254 542989
2290 2517 278285
2879 512 107600
254 1712 191639
116 2656 393832
1432 1011 791985
1333 1497 288938
3140 2568 490235
2455 2918 526173
2395 2023 975591
689 2883 129822
316 1565 533859
940 2564 647706
1866 88 879401
1575 1636 639274
2714 176 835820
3130 612 974103
585 1600 51367
2327 2218 655091
1699 1199 562955
1525 1277 545305
1699 298 382989
1205 2190 710986
859 425 354706
2126 1112 237164
2507 1167 116608
2276 857 499816
2607 294 686634
445 673 221351
722 347 451744
58 1617 307824
1502 2634 543769
1745 2961 918954
2402 1966 189190
2904 395 245938
310 1961 723132
162 13 861729
103 2848 871685
565 2697 707429
2024 587 38412
3117 2724 78081
2300 2747 948908
2503 1016 875
1886 2500 127388
582 1251 690377
318 70 544960
2927 1034 774224
1774 1827 646039
627 2571 765633
2382 1248 791557
2795 192 509833
1472 2881 96773
2048 2308 145213
1305 2963 344117
534 1127 238263
1993 1638 798534
1459 1534 825241
1874 1400 859142
2013 2129 638820
2977 2086 169556
3173 847 885949
2801 416 298216
3158 920 202116
2764 99 149636
1146 225 152729
384 20 205442
1500 2092 108020
1892 1916 596995
1391 1423 911592
2600 1673 729658
2179 2268 294845
584 2703 699996
1862 2367 97071
832 2866 543276
1470 1104 863504
332 1608 906351
923 1963 798974
2696 667 551089
1288 1690 209417
438 915 156410
3007 995 486445
1905 1787 440216
1213 1960 543087
3182 25 861522
2707 1176 537822
478 600 25711
2852 903 201329
2068 677 5801
1925 3097 586240
2471 2589 767738
2971 2576 958505
1036 1671 726664
2120 529 78984
2346 1154 442808
1036 2718 473371
415 47 733589
1722 645 181177
1573 2545 901284
964 124 456821
74 1317 314829
3176 2149 580508
84 1081 671280
1486 3197 300432
2661 420 842826
395 70 127303
59 2189 241290
1916 522 437740
647 54 87997
2504 243 301016
504 2968 844698
2302 2021 232502
1055 1089 741938
831 1804 126586
944 398 664448
2297 3119 595716
1652 1079 497873
1390 2432 519581
3069 1452 630361
2208 694 644757
2635 1485 571866
2042 369 889728
403 802 83129
699 638 418965
2987 1778 290599
147 2827 220650
1722 2403 532145
499 1362 652246
98 2379 628973
1338 462 335979
617 2430 976074
1327 1090 597078
900 1875 135226
2869 1635 655582
227 2025 256390
363 3125 764350
98 1892 452471
2088 510 149544
1168 2416 714148
474 411 184480
2563 1618 969445
2312 2528 983417
3183 1917 36315
678 1191 335286
1473 1609 255074
239 3089 733320
2952 2272 981148
2102 833 891176
951 2490 248164
2049 2289 958298
791 1391 163796
2382 2647 770182
698 479 571899
2087 118 213946
269 530 233318
1173 1122 558152
2519 1050 381329
805 2806 577089
2425 383 734003
1288 2229 583700
582 398 564268
1506 2796 698190
2027 954 347156
3087 2679 479543
964 2051 695850
2145 1719 880461
1876 276 457629
1505 108 581736
2908 2612 20610
2293 2135 53171
528 3202 623067
1519 1003 625867
3135 1603 96968
1617 562 794687
2649 1985 811285
2428 2251 50667
831 2798 18024
1535 2655 197753
2588 1682 435981
2601 3209 650237
1746 2411 209896
3063 695 376756
2103 1091 163967
1693 3015 757282
251 1391 29865
959 1367 672206
2503 2930 215583
1000 2921 433252
748 585 385382
2823 2194 334574
1734 1479 679262
2459 2310 272630
559 362 445617
2061 2506 412483
660 3082 21348
2940 2955 209143
959 2609 515388
1849 1875 810058
2372 2959 116885
1713 517 637550
1451 2979 872204
197 1472 23304
1262 900 446350
1949 1525 218318
1640 894 529478
1076 1312 484746
2350 2449 601256
2340 1530 242930
1962 489 753061
38 33 157546
1630 1316 390771
2217 2532 703777
343 605 650176
3068 2569 760780
119 438 275131
3118 717 681162
1940 2300 3207
1895 2016 303323
406 2774 216325
2545 1287 84742
2725 2328 47876
1997 451 906000
858 731 575505
23 2479 25051
328 1792 152222
2332 1553 211434
87 1469 93335
731 289 72311
568 2740 100752
2997 847 169269
2623 2630 160653
1871 1381 101040
2946 1607 868597
1261 2070 497542
2683 1861 838622
1752 2734 485065
1490 2835 173182
2292 1703 681723
2637 1529 318771
2345 1176 336430
2301 246 598392
1104 328 658942
2275 2741 714797
831 1666 549684
1767 2009 734089
2542 2448 952833
2900 1644 550311
60 1203 448093
1406 823 320051
1222 1418 133570
105 2701 294007
1327 1215 574801
1579 2566 891342
1270 2124 238024
1956 183 99628
1029 2273 56037
2174 2771 163728
1986 960 177058
2601 2464 69200
2924 1934 517462
2361 1713 870535
3144 297 258221
384 1356 697446
342 3047 196429
1054 793 721180
1016 349 259853
1199 1386 461547
662 190 464731
2848 765 509521
583 2582 807282
867 2924 254423
1951 2116 80765
2294 688 465474
1130 684 891923
2366 482 387292
851 2714 709848
829 1431 933606
3091 2160 236981
1413 2510 774308
108 2358 595580
2164 2052 141325
1925 813 928995
586 2300 763478
1351 1666 94883
1674 73 870178
2015 166 310517
325 954 480209
3180 311 450353
1188 2380 158313
1700 1340 102668
1054 851 412781
927 189 919221
1319 1279 261121
1966 2566 125715
1323 1210 12607
1039 1364 793574
895 704 481250
3111 1644 688383
829 2095 362260
1592 1204 810085
2975 2081 497694
1085 1222 497102
2311 711 165364
3096 2846 458239
1874 2452 572707
3176 1396 556426
2808 2003 616735
2228 105 204202
1895 2558 442421
1779 1540 824389
2012 368 377362
898 1753 801478
3175 542 79479
916 1841 704669
261 995 497410
229 119 453981
2321 2913 717857
2491 528 507640
1885 1537 411486
26 2875 179874
647 503 966025
1350 2293 736584
741 1886 92303
2739 852 577524
657 843 195550
2689 789 411527
2294 2820 440441
1230 2924 565274
3052 2577 109479
2309 3152 46650
1386 1055 684218
1721 3033 529863
1063 1642 523527
272 1267 802544
1914 1166 176105
1594 2176 392406
2192 1381 733306
114 2853 258562
3176 1695 218072
615 2506 195853
1686 1787 999063
2507 1729 631252
2461 2910 696401
2489 146 750556
950 1826 379086
2775 1629 314577
2792 457 52250
2272 2991 547422
1773 1116 602475
423 1495 763377
2271 1259 660851
2052 1089 387990
367 371 226064
503 2578 830453
3091 1312 34453
785 752 236466
2308 993 387325
2903 1752 503592
2395 325 486196
2482 542 579018
1526 1180 732810
3140 2816 145951
2398 1507 694269
2867 2340 736160
1687 402 481577
1934 256 690040
504 1656 893527
841 1864 228511
742 2872 595752
2135 447 930908
452 3063 159012
715 1930 829279
541 869 882411
2267 1326 90240
446 1283 589952
3050 2733 103326
114 2107 749621
3205 710 254110
1328 467 867903
313 2862 614727
797 1364 865695
2719 2674 866112
2244 2433 467569
1757 1495 962286
2443 2245 439709
3148 1548 532980
3003 585 959520
1212 3064 543120
2920 1100 289279
264 920 980887
2354 122 376975
1704 331 420501
840 1748 257964
1249 449 184525
332 2823 865148
1347 1270 380048
1180 2882 455783
1951 1078 654789
352 238 21726
1883 446 730557
1148 1205 169356
616 25 129528
2650 1827 635942
1138 2081 156289
2609 1937 23314
1743 2928 252201
137 2651 287743
881 2608 510060
723 1447 151754
2106 855 661990
1800 2948 787600
2580 1572 160440
674 2597 707357
3010 2099 88900
2164 2602 947832
2711 2327 906121
2076 1148 790033
1753 730 769317
2346 3051 285328
2521 1458 696109
2132 597 851587
2858 3100 223027
3021 1987 280747
203 1447 524445
1619 2610 609708
2919 483 670501
1969 2342 79960
1288 635 294777
365 265 695071
1344 2668 954488
2887 2611 375261
261 2392 119566
2923 1667 925127
3108 1700 364533
2330 1598 692219
3205 2666 526930
489 535 295916
1138 2403 916273
1062 2632 586288
1201 1337 359077
220 731 372142
2191 2381 202054
1418 989 669614
1176 388 853328
2540 1704 537799
2569 2931 689181
2118 2580 305640
858 1849 471304
1434 2190 805643
225 2430 144935
1540 2244 94276
1619 1034 389162
2429 1580 570602
1247 1149 415709
2969 2111 689704
2728 2293 886464
2295 1194 851371
1664 2033 426054
2456 541 227376
2487 2274 18553
1651 725 276977
1541 1548 813552
872 2140 955892
2546 608 580787
1639 3099 645113
1884 1727 136564
581 716 423814
1383 2290 678259
711 1151 109272
1780 42 473205
3078 1124 339440
323 1384 830057
1191 1402 657152
3108 2404 791841
2235 942 175353
2422 2894 554096
1778 1685 983291
296 1425 830125
1151 2396 241504
180 230 745483
2240 3032 446060
1037 949 746906
2137 2640 3485
1192 682 843751
2478 568 74196
135 1923 300469
201 2670 776677
2699 574 642014
2331 1199 409609
745 156 20497
2338 211 880997
1388 536 717873
2218 850 565823
198 807 302926
3153 3165 216517
1652 2326 202379
1348 1645 43265
1656 2700 104917
2815 1151 782885
2 2697 151363
2764 444 540983
363 1022 42072
853 1011 400738
747 2190 184794
1049 426 855905
2601 1007 135572
166 766 951505
605 739 694199
1393 812 403737
322 2075 361169
1074 2237 734144
911 3186 493745
1935 3129 714132
3036 1998 406816
316 2548 709947
649 551 688708
1561 394 602336
315 1137 549018
2723 966 520131
1735 2633 431640
496 2190 642213
289 988 95654
2907 1101 293591
1402 2524 240704
2805 117 610663
698 36 346610
2751 1477 676014
2644 527 2999
133 2408 517760
459 2900 349303
179 2221 794361
2314 1218 192676
1571 262 953129
1677 2587 244152
647 1062 684772
3204 1847 429141
1328 2147 805489
1189 455 489090
248 2206 747029
2102 1087 35718
2725 1256 863938
2372 3090 526508
232 25 105130
3111 2661 175195
2638 2623 633954
1975 543 946391
121 2752 899581
1765 656 638944
2487 2221 719983
1271 436 675437
1740 937 19105
1209 615 331662
770 1002 365984
157 264 643812
1414 1223 161061
1850 12 734151
2525 1742 476297
3157 1993 983355
337 2685 627343
469 1643 936983
2595 1325 768214
3198 1922 637563
54 798 479394
2249 578 749108
842 246 935501
274 2780 688438
2059 589 249111
1370 2258 191741
432 2418 498319
505 647 315273
1261 1101 268965
3029 354 932861
1025 3149 743190
1473 1825 613340
2425 321 278012
725 162 710760
2770 1406 48567
438 3084 184991
1102 1227 75780
2250 1011 731163
195 2162 400800
1478 3175 593230
2343 1859 47777
608 640 26463
1248 2476 352922
433 921 137964
524 392 499376
139 805 192229
2498 2761 189190
396 574 348874
2861 2148 88778
3012 165 464778
1901 2315 645026
1404 2728 6080
2860 2988 625023
2525 208 403155
1362 708 998276
527 3130 144945
253 380 392026
2575 1021 382320
1881 2927 798428
380 2240 793162
2192 1484 396450
3037 1715 27516
1210 2809 876661
246 9 233346
1928 3080 972694
2573 697 410041
1375 3176 9907
1376 2495 639834
3188 526 152367
2781 789 550551
2839 973 846932
3181 2611 631836
2465 1682 885280
1594 660 478636
2735 104 406066
3164 3210 642590
241 573 145432
1703 134 845692
1527 173 850110
543 41 810367
2427 1164 155901
232 1782 365553
2568 611 676869
1218 78 711399
2948 456 129136
1770 1069 591138
2134 2596 269869
304 2020 152266
559 738 328078
481 2329 38799
2034 2506 642615
2863 598 149605
602 367 818540
1311 931 20898
1796 1794 773246
2599 2501 977533
894 1959 419161
2190 1540 893870
368 962 8245
2258 2350 431333
530 1313 207967
1737 2405 974449
483 1097 405547
1592 2740 286648
2794 963 214337
948 2777 4245
2250 1253 788809
2895 2164 468633
248 1918 436284
27 1077 706153
2865 451 412880
3198 576 194681
1289 2782 288648
2639 3194 56939
2660 737 977054
520 3025 643088
2459 2177 310807
1609 1893 476545
2967 617 72297
2953 1003 544801
1670 223 785555
596 2492 442745
416 1310 771202
1426 2344 16185
1322 1914 748515
2203 2405 849103
754 2468 529106
2196 2551 570158
1555 3198 94693
2377 3049 670182
2790 1947 580126
412 2677 536419
82 1903 734900
1587 936 283916
3149 2167 198212
1294 413 528769
2585 2973 770914
2249 1606 342009
2234 1300 246654
2469 547 313342
210 1298 171901
2822 2187 92943
2451 1074 919453
1564 1575 102425
532 925 523724
2006 2104 947930
156 1404 963599
1009 2645 886170
3088 3165 807954
210 595 3279
1620 184 942808
2441 1335 935701
1573 109 650440
430 390 51087
834 1755 622554
528 555 777126
2661 444 607910
1072 1082 951908
2488 684 404176
900 1385 36277
686 2396 118938
30 1408 863618
1037 2889 309965
1 1741 886450
1729 917 392461
2039 2706 59974
382 1687 907712
1696 1891 221400
1259 1834 981923
1323 2433 803321
743 2548 490610
759 1686 4973
1490 1306 701690
2426 1999 365068
2566 1023 390277
1206 2775 762494
1687 523 186089
188 2537 495515
337 1433 528693
1962 578 885862
2520 1125 85377
1629 2424 417645
3167 2708 424665
2304 2047 691015
2418 2765 66702
405 2587 199537
121 3183 813154
18 2683 937550
2467 1309 709590
683 1357 411969
3084 58 895961
2915 467 305521
2956 278 282199
2036 806 77346
176 841 192035
458 1626 390131
1046 2723 823691
2220 1082 651648
2409 1672 988095
2610 1374 83357
2651 115 704613
743 639 682356
2924 2055 640837
2909 574 978437
1521 3113 764820
807 1274 542529
906 1334 725735
495 2184 644553
512 2204 969086
2015 692 286609
1078 3124 568755
679 383 3796
303 512 296069
1717 1096 776187
1597 426 747277
836 752 189910
730 1814 255109
549 638 876990
21 2728 749304
1236 723 344207
1700 982 862482
2863 2520 983366
1160 745 216460
1678 814 735747
572 31 149436
1660 1371 30757
2764 2822 618560
1090 1704 878853
1942 2784 34829
151 2465 43161
796 1723 389728
1407 2501 821679
2546 2571 578312
1492 2232 984203
938 2230 746774
2602 2571 268519
2503 1836 769323
259 1251 560845
2350 914 955556
584 1813 611930
460 1242 161196
2576 1087 496474
3188 620 656359
287 2532 777219
2600 2127 722366
1858 606 134040
1301 2818 26452
2927 718 185444
1408 434 415820
355 3004 649111
525 1682 606908
397 664 282953
979 2927 519099
2213 581 926738
1752 682 178123
601 2158 468683
2379 2240 764779
1578 2523 679276
940 1081 906691
1034 942 443529
2905 717 502772
2787 2483 217650
404 835 435716
439 1889 114351
2516 455 797612
175 2083 922142
1021 2380 899334
1091 2204 470258
3023 1283 961310
1515 767 437777
731 1380 234716
57 3151 165201
906 2371 603731
2398 327 229014
2387 2730 357425
627 2395 476308
3132 614 285900
1197 731 36133
849 1047 784653
597 200 614926
3117 882 382212
899 1524 76636
242 1075 820752
93 1974 678109
2292 2748 573233
1761 1296 127558
1854 3125 503603
568 1138 839400
2389 2169 432130
1901 1009 684886
429 3082 521741
1198 244 322911
1418 1745 286304
1237 215 191531
2192 601 464907
2052 1922 842493
2624 2615 533552
2359 1392 974284
1648 2591 246005
2812 490 443655
2990 3033 884238
2550 2854 70700
2132 2443 414062
149 2934 377101
2235 803 944082
3182 27 444775
366 3085 413298
1507 2706 17126
3059 2256 85774
1482 1386 591361
298 342 353689
659 2127 209207
1965 3093 587788
1468 851 640044
2615 3128 206994
2918 1872 641963
3092 2232 80467
2086 2550 993025
251 2645 261863
106 1951 934395
1341 473 35233
1742 1517 864452
179 2912 200382
1177 2551 395558
30 2277 946097
473 365 795363
3161 561 568724
3168 2327 882680
507 1402 559541
1497 221 578550
2860 63 739266
1456 1528 791878
3068 87 587035
1962 1080 414655
1627 3184 656891
2017 201 618670
2651 323 461514
120 2261 536938
798 1570 575370
1170 2845 376794
1140 2834 325284
677 2396 201485
3051 1682 316055
2617 802 575997
2011 2712 277829
1535 21 650280
2778 3176 370402
70 3151 960083
519 552 739778
1325 2483 221156
254 923 473733
847 1609 138083
1424 1741 202729
1728 509 757270
1553 224 121973
728 2239 132479
2653 2649 14598
806 1763 971323
2739 1122 436607
2559 1576 247233
1649 2409 625754
857 3116 409852
2508 2162 507790
1908 2763 340302
1624 153 608484
2340 1780 658666
361 2155 779170
2945 369 492693
2285 1179 555547
2515 1893 590402
1255 929 340249
1196 1498 900368
1056 619 141168
3001 2941 797737
937 93 787752
2111 2414 253888
856 919 789839
800 2445 807087
1092 2953 435105
926 1690 669876
2513 1259 126365
454 858 984015
989 2975 988014
961 1023 445889
2034 381 246330
340 2759 228139
3056 753 62994
3171 1084 321673
1222 852 554815
957 2083 386515
177 1309 600814
1423 1071 542903
2513 1571 731136
323 1461 559805
225 798 130360
1811 83 510400
842 1962 232138
1499 1978 596749
309 1815 21252
768 1854 661986
2294 1310 598244
984 3073 742349
280 509 931838
551 1922 850855
474 1600 277072
291 1836 367284
1719 528 377068
732 2467 527457
3192 657 184905
670 2320 657314
936 2764 674927
2049 1018 620078
1885 398 857541
176 1352 984929
817 376 518785
98 1054 996661
1014 2672 478451
558 1339 300964
2888 2844 81463
2777 2005 498597
654 935 82237
2626 665 469898
2600 1162 764031
2354 1822 84667
1220 505 479174
2814 2861 329178
503 2555 91297
370 1555 356603
616 2935 323244
1256 1752 457607
389 173 459713
1399 783 421237
2014 2697 680965
1098 134 425260
626 2527 117978
1457 1172 279232
1619 1925 936740
1830 538 908623
1699 582 267522
1800 392 16256
2102 2507 662612
46 2510 781985
2688 1964 764139
700 2639 267299
1664 2449 720858
776 2413 582523
1681 755 933151
2102 1793 152414
645 51 831734
25 1254 659681
3212 1041 312322
979 2279 802611
1140 638 835104
2236 2087 618689
1115 2380 254290
2852 21 131309
310 555 174478
1374 2348 345843
405 650 635049
2829 2636 742496
2420 23 161771
23 2108 654968
1189 2749 266360
1305 2537 783661
1944 2940 691936
826 1527 378302
889 1243 730636
2842 2938 882683
839 1953 332878
2203 1527 236698
2418 1005 182859
2069 2714 189373
839 453 992144
1411 2578 301003
908 1402 212662
2742 1376 946993
1093 203 805819
609 2464 846844
3118 2863 935016
1847 1789 319645
118 1697 348960
3126 636 840513
1673 1112 403348
2128 2469 955410
2293 1288 957256
1392 2795 29911
1496 2500 135177
1826 2842 670700
3050 53 625846
2545 2130 66151
2824 1575 849967
2359 1578 537551
1239 75 852327
1931 314 293506
2139 2506 370762
1179 1135 26346
2984 1906 805011
1812 1170 508836
2984 3084 352821
1564 2397 677303
373 1013 27627
710 2938 692340
2499 1465 463399
829 93 466743
630 2566 996636
622 2348 164929
1142 1982 361008
904 1278 318648
861 3077 517641
304 214 681925
444 1821 487291
2558 2370 579217
442 2731 461652
752 2285 245989
750 2084 561612
1197 2840 824227
489 442 442068
413 2237 459885
444 2117 518018
12 1647 757529
472 2774 722846
2457 2646 83286
1212 593 219412
2893 2708 860200
2556 1379 810943
1213 51 958083
961 313 136406
1721 2214 742734
480 348 623742
591 2140 932862
2327 2363 429301
2876 1748 298132
2126 2065 150366
1758 2908 105086
2816 2344 748021
2104 2052 64783
1904 1459 144152
3035 910 182243
796 455 194808
602 2252 338393
248 1694 244132
165 1810 656630
958 2745 837177
458 2383 151196
2801 769 324847
2952 2700 368428
2536 2793 217227
2142 2088 305414
2387 2919 283685
1144 2438 215651
898 2492 633181
777 2368 843604
3182 2954 819175
1618 797 891746
624 774 893368
2283 2151 434442
2324 1186 627028
2224 2471 636827
1423 757 195518
3046 1338 318903
2978 950 799875
272 3028 250731
1328 2771 491243
1449 592 131572
2166 1016 391557
1340 1240 304919
1518 1548 237974
543 1479 189988
737 1095 710822
2802 658 420752
1622 286 446639
1144 2147 745652
89 851 688107
1251 2117 478574
1961 206 85633
397 665 353627
2170 54 973652
122 101 515447
803 1216 103600
2046 204 957082
2308 404 483098
2929 794 784728
1120 1529 138619
350 714 472060
746 206 345969
1721 2482 479081
401 1183 517626
2684 826 612373
1662 1765 541381
2589 537 440939
1066 264 211999
1279 374 148485
994 2463 302400
675 155 364876
3137 3153 462456
1693 1741 198645
1096 2195 637697
2464 1691 28064
3056 1805 24937
3050 1392 77143
300 583 627620
1533 2941 868329
1701 370 180149
81 2791 777385
445 2408 840319
799 95 541582
2908 1769 682420
2584 472 222129
198 2059 137633
3201 442 845990
3110 969 338333
1402 781 775808
39 2233 656148
1195 220 24237
2530 3067 945212
1711 2481 22258
2524 3158 163547
802 2382 582795
1258 882 650299
289 2674 462955
2060 2884 150836
172 2774 569235
902 815 12444
2339 1559 631514
1278 1904 326741
187 1325 182144
1026 1241 761595
401 1074 666360
3005 1425 830321
2401 509 286969
2315 200 943183
1585 517 670216
2406 1715 543923
1783 198 764877
389 932 311209
1973 995 124887
3163 1145 559999
1 2747 297462
1716 962 62450
2290 815 759740
1297 2736 298167
2711 1929 180056
2534 680 630639
2586 2923 968856
1273 893 683123
2927 2477 658369
2338 3107 154239
2879 840 508309
1354 1646 909062
2533 2660 117097
1449 1203 660442
1037 2767 27113
1459 1346 640318
3097 2634 664179
2006 2881 927187
2420 368 675283
2692 24 313123
2245 2341 901673
361 1622 342741
272 2848 543516
453 775 350262
2288 629 868801
2626 1993 530920
2419 2371 173270
3035 1650 748466
94 3014 60637
2725 32 354475
2133 1512 890846
868 2077 322125
2544 2690 583301
2749 2072 602714
2776 1035 716380
506 1684 954869
2969 1902 431598
1118 1556 499273
2769 837 722113
1754 1133 119446
629 2009 725877
613 205 727589
1803 820 453702
521 2865 193490
1013 574 199395
1575 226 626744
3017 2112 276786
1874 400 370758
2295 1992 747370
2919 2872 370788
555 266 238611
40 2032 716170
2836 540 665316
499 1617 670438
1583 918 417346
203 805 165167
844 2592 29209
235 3099 793107
2648 2013 478114
1666 329 60610
2391 172 527609
1758 2981 550621
2697 1790 539936
236 2044 671174
253 1576 372188
386 3156 854861
1862 547 137075
2154 1204 8893
2753 62 578120
2160 674 569673
2067 1296 656219
2482 572 690142
960 2567 272681
1486 1136 113870
2823 3129 64037
492 2468 562270
1898 561 550553
1823 1166 595189
645 1558 948516
2175 1241 119914
642 2817 481112
973 876 607537
547 1221 319992
139 2028 770025
2829 3073 290260
1899 3134 23373
2198 3109 724873
2383 2467 212286
2970 486 108129
1503 67 642801
3186 1808 744267
1392 424 273858
2910 1825 188800
2696 944 689245
2001 1856 13179
742 351 740173
2131 648 38747
648 1385 772523
2983 1872 523295
1888 3191 61356
383 2181 991429
413 505 851087
910 2571 623560
944 804 631082
901 876 729917
2799 1641 935641
1062 2362 954193
2305 3038 980811
1410 492 459626
2195 744 348016
2768 965 601696
1659 1822 61643
1779 113 422559
2527 930 101528
1762 1457 888483
1977 1083 70113
2124 21 306071
35 784 173611
2864 2029 783187
111 188 414080
238 2886 489208
2117 2553 282082
2315 183 336754
592 1558 982803
1462 1981 105875
2242 2929 779340
1008 2295 488527
1563 1298 451200
379 67 889697
2211 2848 71059
2248 1018 792832
2181 2518 855461
727 2814 539910
3008 34 374653
852 1295 644006
2236 1470 860060
272 992 94224
193 3135 460007
2165 1072 478379
1677 1648 114168
2158 2677 591031
1507 1183 299786
115 2688 161093
2957 127 907528
2234 647 324189
2002 2614 255673
869 601 616435
429 1926 584210
2444 212 275277
1716 2204 109600
3066 1425 99709
2793 3052 457496
691 2677 670207
1159 972 675013
1211 1712 545655
3203 604 247189
2223 2056 575825
1609 3007 996809
2871 1263 657662
2891 2597 708479
541 2109 488206
1746 761 804070
1108 848 744631
917 2513 130181
1840 1295 857130
1791 357 902833
78 832 393493
1772 1689 581137
928 1170 601602
415 316 320023
2995 2006 96083
171 2374 302022
269 1165 23455
960 1800 821987
2510 1412 362100
126 1991 204802
1355 636 701874
22 1884 203957
1087 1417 997833
2904 2708 665947
1826 498 819480
2061 285 686347
639 742 265066
1721 8 898916
1278 486 437845
2686 793 45883
2631 1076 263354
377 661 749928
1823 2113 410652
2657 1603 456693
2433 2275 130085
1109 2999 947691
1528 2089 896324
338 2395 827459
684 75 982308
683 2168 91823
775 2657 671954
2979 1757 546123
631 805 995063
1105 3139 905196
1253 2739 120565
1462 2669 367179
1653 1689 35752
2272 491 224981
1681 2039 675523
242 1599 72218
2292 1048 515981
2797 355 670552
77 915 332671
2990 2095 982188
33 218 568325
2906 1131 346717
714 1058 434518
3015 3032 896397
2792 540 161592
2936 2092 295173
450 362 433180
805 744 693091
687 3182 571802
641 1394 873195
1940 1744 873489
1565 2780 802031
3031 1952 512231
394 1017 889444
901 2431 353249
858 291 727307
724 1271 309542
256 1433 974081
2907 2535 867422
923 1223 954668
44 2019 641897
422 2044 614539
2125 3130 580422
162 1397 562528
1159 3037 714827
384 2788 490756
23 1632 557571
537 859 257040
2278 1 477679
2072 795 17324
721 1621 726244
2859 2796 470269
2626 320 511238
474 1048 350648
2723 644 475111
3166 501 322309
2253 2722 451847
1582 1556 218778
3124 2629 113
37 1824 541854
2011 472 257335
2344 555 275774
1786 242 55315
1778 2715 531352
221 617 404642
3082 1762 21706
1524 21 259397
2423 337 761374
2023 1779 463582
792 1715 679324
1073 410 930157
1744 2702 928756
648 1117 941454
2505 138 8718
658 2376 262296
2678 381 560953
2964 434 573531
802 1680 880756
2986 2156 263806
636 389 938596
2063 2403 533499
424 2334 983835
1154 1350 787649
1248 2182 564425
1519 2799 805613
2541 1002 974475
1902 1661 490412
2629 911 411284
898 1317 198777
2611 2255 775556
2932 2838 905911
989 954 790540
258 334 494962
1161 139 781315
151 2111 293248
947 3184 840784
1578 875 341495
1088 2159 307068
932 2989 243858
1661 564 541403
2722 2204 154156
2286 1388 330271
513 2309 383072
449 1995 329603
2821 417 789188
999 2951 929687
768 625 284425
767 3016 127412
489 2291 455993
3099 1104 126661
3183 718 459989
1775 1841 44215
1357 1049 148369
640 3149 38536
93 889 574325
1662 2394 840816
3084 2382 866393
1763 79 645366
2914 1065 602565
1845 167 475610
702 508 960300
2954 25 263779
2882 994 72396
2903 2945 23756
2888 2814 49259
2654 3195 113367
605 1671 448056
2397 766 76150
847 2078 136581
2664 1340 716507
1790 195 270885
2495 365 451683
1949 1997 125487
1403 1493 428716
122 1578 488407
2459 2134 363512
820 568 751596
2315 2643 251524
88 988 425594
2580 1164 780785
2517 1456 832837
230 368 228630
3062 1911 595751
2376 3186 464105
3165 2448 688528
2466 1679 567633
262 223 149280
201 2552 970769
489 1990 23531
1931 1687 89307
912 3076 279313
1977 361 970935
2817 2020 743104
2628 1108 685206
689 969 411216
1104 2574 343423
1587 1954 726082
1488 1263 684061
200 1305 41245
56 3082 34795
2203 961 808749
2952 1508 441670
1049 2109 912353
366 27 234710
3199 2351 509128
2350 242 478816
3073 1406 988657
522 1171 615091
1492 2613 613605
1538 643 128309
3078 326 664522
1227 2926 888530
2141 2358 828766
2740 11 361608
2446 2046 448917
1065 2949 183001
2326 1940 847576
2363 2613 841750
872 1912 767652
2412 2295 101389
2933 1422 85443
2070 2664 565144
1384 729 754417
1094 160 873482
2312 1277 612118
264 14 254206
2893 1706 374884
1895 1353 176197
3145 2222 919702
1738 1966 302643
3001 2658 297421
1579 1056 706191
1580 1913 498702
1126 2896 462814
602 72 510884
2878 387 569619
1977 2362 889623
3132 2506 11358
2641 1156 470863
2514 225 503702
999 94 80656
2252 855 200459
1426 822 873946
2865 1838 306868
1893 421 637733
817 1078 278138
1292 2568 720895
2030 2085 954600
2882 2496 695499
2298 1039 296249
1016 1199 76126
1044 1680 14980
2208 2875 726208
3131 2456 303757
685 377 672709
1148 853 97907
371 1151 860110
891 235 386618
56 342 722600
2314 1501 868989
1718 2263 372744
2490 1665 124026
548 2657 675304
1547 1255 53377
11 1437 483786
3042 127 248387
2905 251 806607
1774 3101 467451
3127 2077 696251
2517 753 555843
664 105 176976
110 2196 894782
674 2167 47437
168 299 320038
1259 945 587850
3157 1571 287994
196 1065 846330
2096 1413 968718
2572 2665 803716
600 1423 260918
217 1613 677703
912 328 78168
861 3149 43697
3009 402 855893
720 3093 601731
827 1347 597404
2380 195 18092
822 1871 611411
670 2013 46344
296 617 464299
996 2088 710076
990 3003 885576
903 2901 165879
1360 2983 290833
1652 2719 387535
1451 404 820450
2099 614 430974
650 966 57300
2501 2364 524353
2915 900 9838
1380 2013 580053
28 2389 930418
2683 1145 560725
410 709 59150
732 606 447419
235 2510 984933
846 1647 308537
1349 2437 833922
2807 969 868156
2750 207 998113
281 3116 752197
255 1127 247266
1604 566 859180
592 189 529363
2956 1549 711611
2842 2874 850337
619 683 667884
1498 850 83747
101 1168 349511
2049 1367 142666
1728 723 809699
1257 205 993713
517 2269 385599
2906 2562 519429
1940 1308 662660
74 1749 364121
78 1432 63970
1616 1607 610194
1310 1000 405453
2324 2433 128370
1247 1820 575963
361 209 934283
1380 326 164228
2458 1452 769225
2413 1051 361086
2792 1244 174308
434 2261 724411
1713 2804 906857
3166 2811 371272
993 1862 492077
790 2498 764364
3123 561 640598
2884 86 520546
2923 884 912013
2539 1952 60956
2567 698 750091
105 2156 669533
2560 144 412551
2825 338 166938
2215 3017 612482
1751 2556 785590
1761 869 876216
1186 2330 324479
2783 3006 296683
3168 1329 602065
2279 1799 260053
1197 1727 387023
1662 763 969074
1146 1483 15680
2526 119 906608
3012 646 89429
1288 1868 180284
475 1662 651517
15 2211 381618
1185 3115 165737
3083 3162 23017
1028 1492 316842
2986 945 86049
2167 2996 388460
1765 1131 18514
1288 2286 476631
259 860 591834
308 1823 251401
3178 3095 972875
1528 279 374138
2207 1767 456150
422 1491 226293
725 498 642144
676 930 967926
210 731 246120
1027 470 881390
2131 1639 394522
2815 318 563992
2193 1812 968828
3035 74 439486
393 2946 543994
2985 2455 518420
1900 1490 633368
1945 2030 344887
864 1228 323131
819 1325 635147
589 1596 768477
2055 2849 726775
1495 634 300115
2244 2071 256646
989 1264 215621
941 1385 988004
354 1980 815025
528 1524 170618
1216 3151 695588
2976 832 388207
2648 2948 241855
1663 2432 233925
740 2951 905258
1922 1149 620756
552 2412 287968
890 2790 830318
996 1795 509406
1044 818 553495
2874 2662 826738
2236 3026 403815
781 2032 655524
1877 30 416199
525 629 33611
2752 815 808461
2378 1321 729015
240 1411 316541
2313 3010 900734
67 2636 348582
2939 295 407789
1465 3087 804637
65 2329 202517
1430 626 893216
1272 2624 22008
461 1381 186706
3173 1583 351383
2315 2219 211479
449 1721 643298
3080 3007 118612
2664 2502 947779
1387 1898 810446
663 2211 324110
2589 437 901924
309 2690 136209
1353 864 397747
1191 488 759037
1360 1356 37773
1644 1512 997750
2874 1064 91357
65 1957 20101
1133 1518 452643
2413 2993 550240
1657 1441 296144
1821 239 678682
2074 506 701126
922 1859 31988
1599 970 593207
1764 2960 902600
2465 1480 842911
2144 641 682326
347 2752 90727
1557 1509 914613
600 2260 141280
1381 2658 884576
1610 917 214177
2863 113 978338
1198 109 965063
85 629 417831
2019 269 361999
1133 545 921129
2375 2627 866714
2012 2588 362492
958 1139 368261
3067 2152 478847
90 651 923114
2189 3159 151656
1656 1067 450304
294 1955 341298
1321 875 6803
872 1101 856813
647 20 59624
2747 1289 170282
2687 2291 87865
642 1320 708938
2012 1667 263952
3061 1427 258923
3059 852 961611
2214 1984 853238
3144 2696 552244
1918 1208 470736
2113 2409 233090
2193 3200 314595
2681 710 728248
2501 2056 580432
1551 2341 834913
1412 2966 609659
1376 987 593390
308 2827 302395
579 1534 252022
1136 3021 326244
881 210 694927
225 206 167931
1430 2054 109526
855 2013 747647
432 3110 652160
1408 919 985046
210 2549 674786
2876 2492 310947
2456 817 738381
2466 1500 872746
630 2779 995975
3045 649 473253
22 1135 907951
933 371 95470
404 2732 405688
231 1531 103954
425 1411 159048
1342 1997 839798
1280 1930 534645
1197 801 935921
1882 1589 434020
1180 1458 29934
165 152 495687
1669 2291 546436
3044 711 600377
1257 2341 117405
3029 187 840000
1581 650 93895
1984 2427 788839
600 2139 348898
168 1464 256766
782 1410 98990
2509 2049 206391
610 1469 656888
877 2151 217575
2409 217 513641
1503 1656 757982
1029 1192 954484
1357 1619 765484
2901 1888 559907
2410 3109 472826
102 54 269956
1814 3035 153417
642 12 19837
2203 2301 393170
169 1158 123569
468 1142 484737
250 2370 273046
836 149 200664
1079 2932 724509
1656 1416 67877
1222 2814 603844
2170 840 316457
2828 1761 976708
556 787 210061
1672 1621 766362
2689 1826 898954
2554 2312 180669
1904 402 859932
1836 1301 609187
1398 2222 573227
1598 2601 639480
868 2410 463040
134 74 450340
2054 2279 821671
3008 321 271936
1247 492 265645
914 2462 82717
384 365 958336
770 2966 722297
1725 2102 423
3177 2996 218951
2862 2884 418214
303 997 284897
1722 660 527288
2705 2056 867222
853 581 896240
2792 82 82578
2265 2956 6260
1627 1351 552950
2260 2659 677727
277 130 929085
3188 3204 145083
2721 2530 665104
2236 994 837793
1000 1110 594352
2763 842 757685
1945 1431 705029
2008 153 420554
3015 3109 310479
1769 1254 795222
783 48 172592
1533 312 503643
2920 2485 169628
2412 469 670427
1165 826 872679
2845 2100 48446
2943 443 498866
141 2457 876554
3024 2990 595385
2942 3160 466758
2849 746 811844
804 2806 249012
79 2944 47536
3175 1417 52210
1953 1887 235105
1602 130 219061
918 2198 49167
3017 1764 681705
337 3025 334514
660 683 289904
3007 581 8211
414 2063 313918
848 224 129785
2164 1996 222166
615 298 601013
967 1771 65388
2268 2545 440018
2030 1455 359711
2961 2660 5028
3080 2713 392154
1497 1659 160052
863 2762 858190
3136 2807 750926
2741 60 558102
3195 2418 403631
624 756 664112
1826 1057 491479
2082 2491 791836
990 2230 834926
1590 927 29916
2222 2129 239262
2158 990 660367
1407 967 807222
2318 1003 529523
2549 2771 825406
1254 1585 188733
3187 154 43620
3045 2140 28383
2290 2097 917513
3014 1282 354590
2150 848 769200
68 2119 697750
2474 1634 975693
1465 1218 714132
2792 2409 925743
1039 112 193431
2084 961 843922
2264 1922 72811
1270 1569 168395
1364 2435 734954
1643 2285 274776
2490 3157 987737
255 2939 862156
1952 530 614819
2383 2905 524316
2283 1839 329277
1326 2385 895057
2603 2228 877215
1471 1688 87571
664 13 518178
462 3139 413590
55 14 252548
594 1609 480619
700 1631 288764
1031 1262 425006
2476 3060 152131
740 2490 992592
607 1740 946920
2630 2314 257673
1116 431 153943
2149 1503 449699
2769 1906 824047
248 1782 285486
1371 2447 248198
1820 1627 735427
2706 1227 10754
8 2015 210815
1062 2825 1245
452 2040 783431
1346 1540 618622
2032 2819 879867
422 2713 965175
2716 2194 923969
1141 1358 3944
835 1792 802358
657 1636 762678
1453 2475 434875
3135 2624 564016
106 1245 131682
1098 2693 16519
1741 1687 988475
2720 2118 340464
70 2658 57672
1464 782 421025
1345 435 19586
883 2578 116013
719 2527 111245
662 1526 797380
1415 2025 912007
1657 2957 403347
1105 1300 94832
634 3171 323069
1055 81 902655
650 2521 766460
2978 3125 657865
762 2756 638111
2456 2071 544983
1013 2895 31464
896 2786 371915
2288 1195 684874
2074 547 743286
478 2933 434948
438 135 504577
2100 803 607654
1904 1578 538686
138 3171 146278
2406 911 183315
2349 1477 458727
1454 1665 73483
773 1452 676110
11 1615 376513
477 942 569673
679 2805 958385
1621 1541 49830
3011 1807 205028
3032 498 547348
2386 730 516288
216 2464 425345
3088 3141 608179
2912 2656 882328
1232 643 800514
2897 965 849502
674 556 326842
1292 1995 207024
1831 1686 766395
2960 1754 300580
2241 2402 827300
2968 1010 203330
1850 2892 588582
2749 1517 193637
950 2391 946801
1562 481 772155
55 1477 248125
2824 3204 839390
673 424 915070
1325 1434 758166
2218 1670 672816
2209 1862 733813
1315 2432 91267
745 3196 128853
1861 2150 602667
2516 1095 511096
240 66 506510
1551 1680 984005
455 2419 922323
2748 1083 159907
2445 1833 857356
1048 978 794748
15 2564 708488
2311 1416 458713
545 1197 489087
421 2591 65629
971 89 282210
1654 1587 873192
402 2622 70343
1658 1552 861585
2858 1591 678455
516 3155 119559
1880 240 595548
2470 2052 884174
2796 2691 733202
63 1322 127130
2204 3170 831185
776 2220 158227
486 3035 744956
2131 1849 924396
2189 2571 89810
1918 1405 31272
843 1058 821366
1717 2216 311346
3164 1070 397093
2992 2775 16225
2015 830 752827
2525 289 993486
106 1088 610218
1213 286 162394
1641 1940 348161
593 1092 12104
2535 100 403741
1111 432 204154
2969 950 519607
2187 1891 350676
1351 2039 817298
25 3183 927603
330 3010 406663
373 2424 894673
712 1741 188151
1752 2977 55168
2031 1012 857492
1525 2157 915399
3089 1192 765972
59 1031 539492
3040 2771 279995
2094 2370 249639
886 1343 509516
1589 2048 433264
2076 620 737621
1960 218 946061
1221 2215 454044
2243 297 755579
2751 2129 590833
747 13 514368
502 562 488602
660 2667 644202
984 491 804317
3063 2417 951151
2137 1006 588789
2982 705 8425
1303 754 65245
1691 2703 884276
3186 1358 162554
1894 854 260142
1087 2111 570288
3200 133 234323
2230 1330 450636
1662 1123 960060
1919 2195 120145
390 3124 803322
270 777 8361
217 1208 544796
619 552 731762
1037 2023 157058
818 3014 967594
1473 206 969188
2002 2481 293377
2887 901 353131
3165 1441 711938
1066 1768 381874
3117 2141 350566
3203 861 454306
2478 1361 160253
335 1146 849712
1197 1376 346561
282 632 198653
2572 2815 941185
1414 795 650641
199 51 937583
951 1455 315260
2564 791 530511
1863 449 42129
1950 1914 811780
55 2528 445192
1589 69 684993
2985 644 62136
775 68 408849
1216 621 670134
309 951 580556
58 1424 96341
2878 964 599967
692 2679 721603
3140 844 963326
509 2866 80454
2858 2460 714224
2889 2371 470872
403 2553 494975
2285 1558 597165
691 2548 882691
670 2934 661767
2577 1777 817362
915 2073 790458
3096 170 331407
2915 950 254667
180 177 994516
1082 803 444199
2302 386 454725
2544 1365 399690
2955 2879 662139
2761 2692 572022
1837 1923 733074
2980 905 3860
311 2801 701015
268 669 855411
1585 295 878233
1433 2565 896996
2089 2209 577811
2043 2615 899127
2261 2389 575547
3129 2316 201372
2133 1998 546739
477 3054 914401
1308 844 913553
16 904 144588
724 940 5653
1829 2618 460509
1483 2491 882351
612 1425 820267
581 906 911731
3198 291 671456
1895 2046 101730
1646 2773 683610
849 2190 141534
1403 899 908072
1978 2135 356337
2801 1519 504679
502 1666 739010
994 73 113919
77 317 923486
3170 1806 302406
258 2739 597672
2747 2298 945976
1298 710 997
2332 168 221400
1096 1097 498478
420 742 852783
2782 1039 411322
1952 2520 949671
2254 591 626703
529 2243 379403
2718 1721 86285
1783 1874 127014
1542 2910 732704
2560 1472 364158
1229 2284 200201
1350 803 979444
2307 1905 318799
725 1054 111618
663 2538 104591
2768 322 333464
680 577 700389
482 472 474844
2234 2096 40381
732 88 35973
854 377 610883
2831 1361 295260
2242 1399 615916
2964 1430 455126
2693 2585 507559
549 827 650009
2223 2142 550508
1243 593 171538
2827 2562 684647
401 1428 593144
1997 2885 33097
2577 1207 313256
2201 786 276275
2064 1992 901924
450 1930 860104
2633 2665 123762
59 983 287958
1703 412 595798
1062 2761 918761
2704 850 907124
27 1244 640948
3063 315 422989
1636 692 487844
1061 2745 386588
372 3053 610636
1481 1198 853461
761 1981 605999
3058 554 733890
1951 1369 801589
2038 2998 37698
2887 1449 10101
1844 601 940648
2412 2982 207907
1850 3204 734005
533 2098 859551
610 2627 552634
1372 194 746914
1091 2906 112149
1712 3192 48846
601 278 766094
2727 550 39769
2018 1819 22805
2491 95 617693
759 2304 59043
2630 1257 793159
95 1130 332403
3068 2262 469986
843 1794 496612
1393 1120 880904
3180 3101 700149
577 1064 791980
2834 2809 612005
2761 2727 654095
1818 1946 824173
922 431 326469
226 1318 326755
769 557 936619
2144 1956 447029
3102 1812 627120
2593 1501 78151
2491 1827 353285
173 2517 860914
2882 1379 646506
2457 1368 959522
2938 552 696926
2117 2083 491539
831 534 725867
400 1203 454449
1921 504 767444
2858 1670 818450
1711 749 611621
1076 2662 112025
1589 923 396445
211 1599 73776
2207 2786 385922
1523 2092 820394
1 2550 157962
2379 117 451772
625 740 440297
2535 1264 3998
2000 980 398212
437 1946 747339
838 303 709433
521 1830 4186
55 2376 468688
3024 798 809407
1843 1541 828362
1340 2374 906986
1163 476 681997
1183 2353 204227
470 2170 925297
2166 2042 480072
2860 454 526131
2700 1996 602636
197 1339 534843
288 1170 101012
2441 1768 90644
2324 3047 783000
484 1316 657456
2745 2614 562779
2829 2780 266973
1671 2090 237489
1529 2937 142224
1390 2677 112212
1111 851 70869
1027 1599 309097
2894 2363 641496
193 1982 546140
1944 1092 661659
2497 1265 686430
2789 663 676669
1737 706 900416
1111 1152 924011
1125 737 205430
2025 1698 580909
494 2734 399218
2510 355 729176
3201 2803 594147
890 192 176532
757 2216 843665
2133 1188 837009
249 804 270879
336 599 263827
1084 1013 550308
1809 683 744863
1055 3180 991215
1242 1408 605833
2277 1439 2590
2393 2241 495396
210 1816 325922
1455 231 453965
1418 1227 262682
479 777 946076
417 819 397905
178 2413 840368
2153 339 249694
646 1068 359966
2312 1152 302623
2608 85 476543
92 859 110107
2967 620 929627
2204 377 632890
643 3097 660093
1448 1394 895721
1139 866 324316
2009 1228 571863
2540 1268 983659
3189 2597 81294
2142 1807 67782
1263 2376 607416
2960 2022 633346
294 709 101751
3040 1522 811928
2659 2207 297704
1829 1328 241782
2009 2784 605116
2943 1566 844906
2589 1484 999227
149 375 734644
715 210 978015
2057 3128 728111
604 1669 222609
2020 2253 772643
2622 2355 424780
657 2620 428402
2334 773 716115
865 3181 952677
1673 2623 946968
1065 174 153563
707 1781 236531
1848 2022 889878
1233 2571 511428
815 1481 676969
1818 790 880367
2520 1323 258506
1273 329 715002
3019 1922 845304
1749 1335 184525
2905 570 445265
1361 1942 838094
3206 949 613500
2367 1366 346335
2149 1588 592181
690 2856 499965
688 1605 912130
1181 1335 802623
3093 797 844921
774 2113 303664
2461 302 944948
2471 2733 586705
2119 203 770395
659 265 611896
1158 77 794644
1125 791 347079
2681 3003 773330
1031 2830 672209
583 2597 99071
547 3039 699159
3075 689 619279
1539 1609 872738
1061 3210 179754
375 2787 957509
203 991 39869
2384 1069 664762
120 972 768871
43 1259 743006
2883 780 345155
1600 2878 331859
1840 2376 389535
813 2236 917433
3076 2676 324672
2639 2422 176145
3211 2140 813975
1528 1892 876471
1088 485 166349
1863 754 855427
960 1642 759214
1506 1699 631619
1807 2118 113085
1562 172 145311
2792 504 823709
120 1087 110289
2064 622 670111
2136 2353 560968
2027 1363 9204
2547 3121 72289
1983 2372 43449
1490 475 531978
410 2251 220130
2143 1986 348348
3031 736 300620
2015 1627 19995
317 1192 480044
2838 278 857652
869 2943 868118
208 1530 337115
2249 1793 944306
2461 1441 529767
2157 1265 798025
2296 3198 232851
2570 1655 251248
371 496 617595
1046 2013 116439
747 1565 803768
3205 701 155194
2244 2896 640161
562 90 252073
2241 3023 103720
3181 1780 671613
263 2508 297109
2856 2794 22178
2475 1011 47722
2156 1299 144260
601 185 385499
120 2949 411487
1251 2684 686768
1301 2683 187119
931 2665 623298
1241 1265 785848
1291 251 894487
2690 2907 412475
1371 173 963875
279 1435 751615
793 3011 621412
2039 2051 361088
2901 2525 360225
1909 2963 778942
1770 1250 206280
3071 2951 585709
994 316 507049
1194 3202 635644
2526 2077 367003
1332 36 799500
1462 358 184754
187 658 418360
988 1522 447395
579 1356 475779
2948 67 421309
934 3026 43242
1749 1958 800012
2410 1205 320847
11 714 991509
1059 1606 913863
629 1095 606064
220 2545 678217
3050 2244 484686
1698 2312 4412
1764 1438 500432
3096 1149 986980
1892 2520 385160
233 1378 523249
373 2994 742999
1531 1613 442796
2171 1529 829292
464 245 26182
3092 2069 125277
1900 368 626823
2463 2977 829228
432 2310 838616
2477 2336 436448
1594 263 211894
2778 823 643461
1218 394 854076
1637 2206 504715
811 2050 413715
3120 3180 906495
1319 2610 350848
1515 2286 401393
3182 292 556562
795 2944 897898
2673 2062 279664
1799 2864 696273
1237 266 970371
1339 1204 524002
157 2045 219853
514 3083 196242
1601 3087 979534
2254 60 730251
2966 2666 928854
1182 2387 953863
1263 1976 200436
652 2553 95828
1588 1454 473922
824 671 455851
2280 2324 137235
2918 2582 347574
2557 35 432578
220 398 928165
1355 1999 93344
1145 1258 54068
21 1926 204546
3118 2353 538948
2861 837 27565
2482 1779 936603
3008 2266 151079
1262 2326 88066
2231 1146 425188
2450 415 644866
1521 994 845394
1288 2340 30467
1901 2762 821897
1514 2773 306249
1903 2050 586394
1819 2528 976725
3039 1826 455226
3107 1583 604893
1038 1748 706323
464 757 683952
1355 1284 403697
186 1372 589617
334 1383 132876
2074 2714 226038
2563 2609 362559
119 2918 120261
749 2598 778699
1942 214 887283
2590 2528 96720
1829 1436 860066
320 909 166483
2030 1810 956957
54 3211 764013
1182 55 674394
2789 1500 479261
105 1032 956243
2281 280 903540
2922 3031 609482
1496 2633 136928
597 396 789600
47 1812 824416
2332 1226 968666
2717 2058 528395
314 1041 796920
2713 174 675974
1965 1414 609082
711 2758 491592
664 2320 906681
555 2215 41556
363 2150 816165
2166 2811 414011
1459 2442 821161
1381 2666 543250
2226 1141 707361
1939 1977 222015
359 572 779837
1560 2395 508836
1151 1415 445628
1637 3130 646254
1149 2677 547214
1480 615 27397
2739 530 214863
189 2574 174424
2314 1653 757604
2110 877 381067
1348 185 955453
432 1467 170824
1562 890 793326
654 917 141672
2809 2240 975411
2395 201 100037
469 1685 160199
636 1523 397734
925 1270 82088
2625 1809 734478
1846 957 401841
2998 3167 34025
1659 1729 455580
586 693 785052
2762 2017 356508
2495 458 468400
2522 2294 398684
1508 3197 293986
2372 105 238558
3184 1825 329042
537 3134 186811
1928 718 98639
1198 1128 557819
1909 2680 116995
3098 2894 289049
1796 3097 707273
1421 2714 960733
2411 2035 366607
2657 3020 795870
537 327 213873
2764 2714 400923
1674 777 176285
32 179 55614
1957 3165 247460
1408 1739 682549
2555 951 912236
472 1474 258037
621 1427 932215
2231 2613 256917
2338 1616 13143
397 94 96587
2891 3016 368569
2947 2219 339662
1011 1858 949715
3033 2084 184848
719 1187 227252
2067 1962 794527
1363 78 415471
1412 307 362335
772 1271 501675
1375 1191 684719
399 1335 109265
936 1080 545438
1019 1998 311195
2307 255 344721
1019 973 157246
2880 1188 119291
1389 2224 490812
707 1253 310144
3179 357 962129
2547 603 575919
1256 1475 223872
1327 2117 827170
2651 554 678401
1749 3066 734845
1421 3126 684753
2667 774 102984
1993 2343 55198
2835 2084 550321
682 3198 296086
686 1615 682602
2576 3079 629395
1518 1444 882788
2195 523 245165
3094 2160 391086
1441 259 638756
631 1743 137334
2316 1942 100465
1685 1205 857185
2369 2836 228464
934 600 919313
2191 3080 290996
1676 2012 52347
1151 2030 250415
650 1155 750891
1389 1638 538436
897 1133 211742
1897 761 161267
2098 264 187779
2005 2566 127656
167 2232 885974
2171 2876 437609
293 2171 255841
1886 3083 615907
1916 656 946968
2160 1909 79320
2473 1838 845337
271 1912 968366
2072 2396 763078
2095 613 574623
1269 2419 887815
1117 1276 986817
148 820 497128
674 479 424505
982 2289 925587
1522 2353 717833
2931 1344 108210
912 2645 520508
2580 2235 598701
970 2816 680114
616 454 600323
902 2839 609940
2364 394 104400
2749 997 500957
2586 2415 67299
972 2214 72011
1708 386 368961
329 3098 222441
3125 2253 36355
1396 1918 619075
840 2112 123088
1743 2820 789933
341 1208 375488
3024 3081 268280
1566 1984 436885
2594 2563 998458
582 629 662110
1163 1445 728001
3069 898 363763
957 1 887196
2471 2468 77327
1314 1637 282254
2379 1063 118294
395 553 544665
242 992 192684
3122 1485 861482
321 1472 121591
2144 1203 757551
941 1290 797306
2823 1728 981050
3113 2252 855829
1136 2369 834648
410 2363 831269
3053 2949 661114
1142 3081 272573
678 3106 969799
449 2653 217798
1305 968 874181
2410 2262 235842
521 1706 535019
2299 2188 247520
1632 1836 993549
2742 3133 443331
1189 1990 143786
2260 1820 959773
909 1167 208157
118 2673 685610
1132 186 108838
1046 1104 325524
1845 3095 347229
1540 1791 819754
1884 2897 818107
2584 2427 615813
350 997 356236
2193 127 517887
391 1739 517117
831 1406 901209
2602 1892 692230
733 2387 844913
1209 2628 558268
513 1083 126373
1099 430 962750
2017 2449 676240
1752 1166 581506
1948 2717 754407
2804 572 389636
887 1828 823607
3025 2790 436178
2675 2613 925638
911 2744 704831
1283 2527 586891
1006 1741 374506
2938 2030 369428
2796 1516 632562
711 1158 381052
2720 1503 274112
1824 2854 666190
2935 260 196025
810 1598 347266
2666 1193 513799
2292 1346 980057
1037 2171 29387
2843 2349 553823
2651 1081 160042
398 1665 576837
2502 1472 373881
998 2848 790434
386 1567 949006
2129 855 816589
2910 1209 669356
3203 2651 627296
1636 2385 352147
2766 90 567252
1043 153 478826
1953 304 314364
1314 2603 592529
153 839 435560
2084 2444 72592
1824 1216 595359
2851 2098 17630
1009 256 287936
1150 549 685975
104 2196 780799
3058 951 200261
2259 1050 674816
1969 626 774737
403 2240 175066
1847 1972 256719
1451 1503 401523
3118 1833 760876
406 2769 231738
1762 1148 48957
635 307 277774
1873 1632 480109
2597 2139 754482
552 1793 521738
618 2986 724146
467 2172 994996
2023 46 719966
3068 1512 250731
1241 2174 529257
3103 1384 256445
10 2339 89062
2681 1566 950801
649 3176 163430
2708 425 841691
621 1166 985145
3144 67 886949
2963 2395 733128
2428 806 269694
2580 1965 7700
2615 286 19466
1874 1818 80791
1877 2573 293229
1773 3130 918204
57 398 408413
1834 1073 533572
1918 3066 893323
239 2803 272126
1712 2756 766966
455 2846 361067
1909 1861 470741
1502 1276 808437
2356 866 651687
2904 159 972370
2010 2887 136096
576 174 497794
1596 417 454586
1479 1293 246186
2628 1790 159646
2803 2700 420756
2540 3192 467830
3022 2305 777292
2361 1296 636056
1680 828 520032
1202 842 277145
610 2173 285692
1930 3152 781044
1352 2045 186409
1716 2647 325853
463 2570 763944
1941 382 486831
1636 902 335928
2190 2337 119991
100 46 663465
1569 3177 96738
1441 764 53154
2051 1444 434578
54 2106 190655
2688 3059 723712
2931 1286 211848
3007 2048
2802 2180
1280 647
1637 2862
2733 1945
1915 2153
2718 1836
1433 751
