50
10 17 32 9 121 18 87 97 23 181 20
4 1000 1000 0 0
4 7 5 4 13
17 196 66 31 65 17 1 108 12 91 34 23 110 27 200 16 16 56
15 0 0 0 0 0 0 0 0 0 0 0 0 0 0 0
24 49 45 116 64 12 8 154 6 185 110 7 125 171 9 130 64 80 8 35 40 12 2 48 16
24 49 166 137 34 188 3 98 44 3 37 73 43 26 69 85 16 59 15 54 20 28 163 86 34
20 79 32 48 133 1 153 1 1 48 15 8 61 215 79 120 64 97 22 2 19
5 34 19 4 105 113
13 49 93 34 81 20 83 11 102 61 78 44 62 0
6 72 39 25 162 9 9
8 128 9 81 1 46 1 106 8
4 99 12 22 138
15 53 52 242 134 75 44 19 84 40 91 24 115 2 54 4
12 56 10 1 15 18 132 20 28 17 30 69 97
10 55 5 153 129 180 60 9 16 46 176
30 15 11 38 18 43 91 34 3 2 94 23 15 95 159 133 28 0 21 8 75 127 29 32 118 188 82 5 23 15 13
9 3 134 121 71 64 73 87 84 15
15 18 26 15 156 33 230 24 73 75 45 34 5 171 107 162
23 52 114 134 158 80 8 3 39 1 2 10 25 32 26 30 231 33 13 131 47 25 62 79
7 113 42 3 40 27 56 11
17 68 91 106 0 84 8 18 8 64 6 132 3 63 207 28 11 7
22 9 225 27 30 76 122 114 8 80 71 25 6 72 200 28 113 88 27 132 50 48 45
19 47 112 8 15 52 71 168 13 95 53 125 69 46 130 9 7 27 4 137
15 82 19 16 119 7 104 8 28 63 164 90 14 77 5 8
8 28 5 21 24 41 72 82 0
28 72 48 4 108 30 4 59 106 0 82 144 39 5 160 1 143 3 77 90 57 31 53 113 11 69 178 90 51
24 19 2 132 155 79 7 77 176 66 9 46 151 198 86 45 131 59 5 19 47 128 45 10 19
19 1 84 215 5 107 50 59 72 196 68 176 131 148 9 49 218 125 67 3
30 17 29 23 64 0 32 2 28 5 176 42 164 173 11 156 0 13 33 2 72 1 74 7 1 10 90 8 46 57 1
15 218 55 178 174 34 36 107 23 111 4 88 120 31 14 48
3 154 4 88
27 32 24 68 68 22 15 23 92 83 105 14 57 173 51 132 3 12 80 158 19 124 68 39 61 163 42 17
3 196 52 3
12 198 75 23 48 76 5 46 112 185 51 118 148
21 63 1 29 47 116 8 157 123 10 13 84 8 71 31 30 30 156 58 30 41 15
21 190 56 69 1 151 9 146 197 96 18 113 66 34 32 19 21 91 69 21 7 2
20 114 14 13 29 22 129 166 6 12 55 102 163 4 81 14 41 9 20 11 14
7 119 96 44 20 48 141 78
19 34 3 84 55 31 11 9 107 69 76 46 8 1 76 38 5 105 82 20
21 7 37 37 28 33 10 46 104 54 32 42 50 4 13 0 1 14 6 28 25 149
29 105 73 135 24 12 54 94 94 12 10 67 122 4 7 34 3 61 43 6 32 1 12 79 38 57 20 81 8 87
12 9 2 67 27 128 5 88 18 4 200 1 2
28 2 61 235 122 96 88 127 174 52 126 3 20 18 140 20 151 48 19 12 130 58 34 7 52 20 76 82 44
4 88 68 161 109
15 163 70 59 74 151 99 157 18 96 181 157 2 20 33 42
26 9 5 21 184 153 29 8 115 199 6 95 14 107 61 33 141 33 48 7 112 86 4 137 83 2 110
14 147 22 220 132 83 18 80 96 2 26 93 182 0 83
6 17 129 15 129 90 55
12 146 67 48 136 88 69 19 139 20 65 29 157
