14
11 42 14 34 11 13 33 41 23 22 11 21 22 31 44 32 33 12 44 22 44 43 24 33 41 00
11 42 14 34 11 13 33 41 23 22 11 21 22 31 44 32 33 12 44 22 44 43 24 33 00
11 42 14 34 11 41 33 41 23 22 11 21 22 31 44 32 33 12 44 22 44 43 24 33 00
11 42 14 34 22 13 33 41 23 22 11 21 22 31 44 32 33 12 44 22 44 43 24 33 00
11 11 14 34 42 13 33 41 23 22 11 21 22 31 44 32 33 12 44 22 44 43 24 33 00
34 42 13 33 41 23 22 11 21 22 31 44 32 33 12 44 22 44 43 24 33 11 11 14 00
34 42 13 33 41 23 22 11 21 22 31 44 11 11 14 32 33 12 44 22 44 43 24 33 00
11 42 14 34 11 13 33 23 41 22 11 21 22 31 44 32 33 12 44 22 44 43 24 33 00
11 22 44 41 22 33 44 33 11 34 34 22 33 41 14 11 32 23 32 12 34 31 21 33 33 44 11 11 22 22 11 14 31 13 41 24 33 11 11 34 22 44 42 22 13 44 23 43 22 22 44 44 33 11 24 23 32 13 23 44 43 33 24 44 41 32 43 24 42 31 44 14 12 21 31 44 22 42 21 42 12 33 33 12 11 44 43 22 13 11 33 21 33 22 14 11 00
44 44 11 22 42 43 13 42 33 41 42 32 23 31 11 43 13 44 24 33 34 24 21 44 14 31 24 33 14 33 11 33 23 44 33 11 44 22 44 42 11 34 11 22 41 23 12 22 11 22 23 14 44 33 14 44 33 11 32 22 31 34 11 43 41 21 12 22 44 22 11 32 22 41 33 22 24 33 13 22 21 32 44 31 43 33 11 12 34 13 22 33 12 44 21 11 00
11 13 33 11 33 21 42 33 22 22 14 22 44 13 21 14 33 11 43 32 33 11 43 33 44 13 41 34 22 22 11 11 23 11 24 24 13 34 32 11 21 34 22 43 31 41 42 11 43 24 33 11 44 32 31 22 33 44 14 23 31 44 44 12 23 42 42 21 12 22 44 14 22 11 33 44 44 22 32 44 44 33 12 23 33 22 33 41 22 12 44 41 11 34 24 31 00
43 23 11 23 21 44 33 42 22 41 43 32 44 13 22 11 32 44 33 14 13 33 21 22 34 34 11 22 22 11 24 42 44 12 33 31 12 22 41 33 44 44 11 33 14 24 11 31 00
43 23 11 23 21 44 33 42 22 41 43 32 44 13 22 11 32 44 33 14 13 33 21 22 34 34 11 22 22 11 24 42 44 12 33 31 12 22 41 33 44 44 11 33 14 24 11 00
43 23 11 23 21 44 33 42 22 41 43 32 44 13 22 11 32 44 33 14 13 33 21 22 24 34 34 11 22 22 11 42 44 12 33 31 12 22 41 33 44 44 11 33 14 24 11 31 00
