401 19
905 36
1345 49
748 11
1031 32
860 32
434 32
238 29
275 28
944 14
127 17
821 11
681 46
107 38
902 38
488 7
1235 24
1203 27
1322 23
646 11
550 23
996 33
1154 37
399 25
1194 7
1322 37
231 26
351 26
1126 22
54 35
1162 48
900 40
965 30
532 20
717 31
56 7
1014 16
1392 18
1210 24
283 17
440 19
751 11
465 35
1321 14
669 7
1074 2
1016 1
84 44
35 28
1435 15
189 33
485 29
1087 48
825 45
650 47
1480 24
1313 15
973 30
829 29
306 33
1498 25
598 7
769 36
1497 22
1180 44
1349 47
813 18
1075 23
1104 43
395 42
537 42
1056 12
377 3
101 38
543 46
75 7
824 23
36 24
1388 15
207 6
1175 47
1167 4
1438 3
879 37
725 43
932 27
1411 30
212 9
169 8
449 17
667 1
987 17
761 4
661 10
1008 1
950 2
760 30
1087 21
374 6
540 19
430 48
860 45
128 35
1350 43
213 10
1225 31
420 15
161 3
968 38
963 33
433 39
332 27
372 16
999 47
81 18
1368 11
1144 30
1173 47
449 49
1457 38
665 46
1086 30
1141 34
1437 32
1125 7
1194 39
1092 43
6 30
817 33
398 30
1240 20
629 10
1233 27
141 45
1138 20
69 2
1296 33
1358 42
682 41
106 12
1254 33
806 34
718 30
1007 47
919 18
1019 27
320 49
1249 22
1052 15
317 18
720 36
335 22
1134 6
232 47
777 14
1248 42
524 25
1015 32
1466 31
895 7
1126 4
1470 46
931 7
1310 33
786 2
1458 13
491 32
442 48
1478 45
772 48
494 43
324 36
345 36
1330 45
232 30
636 17
319 19
1254 32
1246 1
1266 21
1080 48
323 7
459 11
587 2
163 13
1407 15
671 17
1057 28
1356 49
66 3
1466 40
907 10
806 31
316 44
444 16
541 16
1120 47
768 45
1358 49
1363 47
215 23
585 41
1267 6
708 38
479 15
1380 42
152 4
937 10
1346 41
411 25
769 46
989 49
14 26
703 42
485 46
1084 9
421 17
1117 25
71 13
1287 10
231 43
25 48
466 26
1423 47
1035 48
1074 37
851 21
1121 33
264 33
485 5
1311 49
1184 47
604 17
1128 38
600 45
529 47
773 33
1146 41
1333 16
714 23
1007 27
670 30
622 31
608 27
891 43
806 13
1000 7
846 7
571 23
3 2
1458 31
998 20
1281 45
519 4
1486 15
141 17
1386 26
956 15
949 4
878 48
1147 34
77 17
856 31
971 18
1012 9
943 19
591 22
1045 3
180 17
1399 7
907 12
488 22
614 3
1204 33
1382 31
172 23
1055 10
1428 13
1062 49
1097 15
374 24
758 13
694 41
92 1
387 31
1216 12
867 28
346 5
405 19
1154 25
169 30
60 23
831 18
665 40
644 11
700 16
1397 10
682 44
334 33
299 18
1314 19
233 5
1286 7
626 25
1427 22
1111 41
257 4
722 36
552 3
1411 13
43 19
941 42
180 6
966 21
691 49
1412 21
44 21
1271 40
185 49
1046 43
223 23
1426 37
1187 14
478 41
975 22
171 19
1414 41
1161 1
874 45
563 32
373 37
1273 37
1404 46
1325 22
183 1
1335 37
274 37
442 9
1122 22
392 12
1299 46
531 42
630 19
1406 21
1262 1
561 5
566 17
175 2
445 42
331 2
633 21
265 11
241 30
1290 34
1125 45
434 22
823 19
1084 7
976 22
207 12
570 39
576 36
1214 34
324 45
389 19
596 9
959 1
308 4
1320 25
1163 43
884 42
871 38
1246 14
1051 10
1220 35
681 1
1313 4
482 5
200 9
84 2
273 24
422 39
609 37
1187 16
830 29
727 42
1081 26
1075 34
574 5
1439 7
421 14
157 15
1484 40
1032 43
508 39
759 30
1087 7
109 3
1274 7
1390 20
937 5
103 2
87 49
1063 49
148 10
280 22
1408 11
1152 4
37 39
441 6
1318 6
704 45
509 48
504 44
254 27
864 48
567 41
136 32
1251 25
211 12
1373 37
1085 25
6 39
1175 45
8 24
391 17
28 47
21 39
252 16
501 17
639 6
636 9
1476 9
1284 14
65 40
309 45
732 35
6 30
1471 25
356 46
1012 32
239 20
19 46
1319 20
1079 44
131 40
895 47
1267 27
1446 49
496 30
394 39
303 6
1500 14
591 23
757 10
902 46
343 14
448 41
548 34
258 9
754 48
388 19
862 32
363 26
884 23
311 26
246 42
410 48
344 48
1184 6
82 45
561 15
492 26
436 34
1179 43
341 22
1227 23
1050 11
407 33
117 48
314 14
53 12
615 18
22 30
675 21
1346 27
1343 38
1092 35
1326 3
109 42
65 42
1397 34
96 18
1220 33
1432 40
400 15
1205 37
54 33
63 6
1360 7
743 7
1375 2
359 33
1460 24
1496 31
228 30
1439 2
995 33
481 25
853 30
1064 33
1310 24
290 31
1229 10
121 30
105 24
959 5
577 13
1348 31
1215 15
931 9
250 24
15 14
48 39
224 14
235 14
748 34
1366 15
1385 28
336 30
1437 4
1106 2
1199 10
1097 9
97 41
194 43
964 17
1169 27
382 34
844 34
786 21
619 17
1009 31
1315 14
540 6
872 15
1321 49
452 42
662 37
761 7
899 4
1481 30
13 22
415 12
1367 1
383 35
794 7
1102 16
1322 14
1432 23
807 4
86 25
1252 36
1303 4
1354 44
43 42
663 30
1396 15
451 39
1355 39
336 45
1470 48
362 21
922 37
282 18
639 47
136 8
377 29
1315 44
1259 17
681 13
1427 44
943 31
1171 22
633 2
920 28
1316 16
780 38
1024 10
265 25
291 47
1287 46
962 49
871 5
1050 14
94 2
1186 36
231 7
1286 43
968 5
1094 41
1329 8
583 24
413 6
1020 32
723 19
1095 36
846 30
1468 16
1322 3
106 45
747 28
151 30
791 48
1229 44
1038 8
1174 27
1203 16
1455 27
1256 37
1318 22
1077 9
1248 34
1420 16
1148 20
59 24
422 9
924 19
261 27
297 38
41 38
789 45
886 7
860 17
1133 6
127 5
895 47
863 31
593 25
1007 43
393 46
808 30
389 31
985 34
1138 12
961 26
720 19
731 30
656 18
1269 5
1427 47
382 12
116 35
186 38
224 40
17 32
600 26
679 28
1489 48
868 16
133 47
1133 11
1273 33
1237 3
1207 15
1340 30
433 20
109 10
220 34
143 16
838 25
1408 19
919 43
145 8
1037 40
635 19
718 31
672 25
1386 17
1222 2
279 36
1272 25
919 23
1201 30
910 39
1440 13
776 48
1444 3
844 1
148 38
596 36
1280 22
845 8
183 21
546 7
674 2
679 43
1397 35
700 18
1413 35
459 26
35 29
1342 2
1381 36
1083 25
1411 34
93 13
1437 49
700 6
414 9
1245 25
1218 41
488 8
1427 14
1334 22
999 26
1428 33
176 18
137 4
1330 5
1382 21
1250 39
1364 29
409 8
1425 30
929 18
208 4
1293 16
450 48
114 40
134 42
112 34
62 37
455 28
1210 16
967 38
1307 33
843 47
776 12
616 14
1244 13
1049 27
1308 11
1322 24
1050 15
761 16
790 11
362 19
1057 19
1065 19
1048 43
1478 32
556 39
1285 3
752 11
1237 41
128 11
536 17
1459 32
130 27
359 13
5 21
1192 43
1484 34
1049 1
1183 13
1106 36
879 32
511 42
449 44
216 23
903 5
907 9
996 15
1414 19
318 35
514 39
518 23
1306 5
842 7
592 12
798 3
1143 30
1439 22
995 8
868 25
113 33
1493 27
104 20
1261 44
128 24
892 3
1251 43
9 33
1012 38
934 35
352 3
528 42
935 16
961 7
696 14
827 42
1484 10
539 11
925 28
1126 26
1367 46
976 32
1375 47
821 14
963 7
1110 5
245 2
1111 46
87 9
462 32
955 9
874 36
392 7
1408 3
1095 19
595 31
1100 40
1119 10
924 20
878 38
1173 26
77 23
1410 40
840 26
488 22
1179 11
1418 16
1262 20
501 29
842 30
844 44
531 34
1369 12
158 15
1087 18
772 5
477 17
211 7
575 33
617 10
387 36
507 44
363 31
673 27
67 1
1083 39
674 39
1184 14
728 26
648 39
786 28
357 17
930 21
555 19
876 28
638 13
871 18
184 10
525 25
180 19
1038 13
240 4
1164 1
933 29
322 34
618 2
1494 12
198 11
449 39
628 12
804 35
1436 35
640 35
799 20
1339 7
205 46
645 2
1258 32
795 20
562 42
264 31
797 20
1112 38
1158 41
387 32
343 22
1494 41
877 43
1023 35
596 31
822 9
500 14
856 49
120 28
1077 24
1394 13
519 35
397 23
407 39
1157 12
808 23
1053 43
1399 44
1479 18
12 40
741 18
260 33
1124 28
385 8
49 9
868 4
1176 33
607 35
137 2
1151 5
1382 12
401 43
1285 36
832 49
750 25
1463 18
693 37
584 12
131 12
47 13
645 31
199 48
232 27
664 38
1078 43
1136 21
632 33
1258 11
1054 45
1188 26
633 33
44 8
220 22
1084 43
977 42
1379 9
1004 33
1307 31
7 49
1039 3
1166 42
703 43
186 30
600 36
1057 39
1201 16
1206 43
372 1
1310 42
702 40
649 26
753 49
69 4
643 1
922 27
77 20
689 3
812 10
1050 40
920 16
503 18
1015 22
384 19
280 6
271 49
917 19
439 35
464 33
547 34
573 33
655 9
1017 28
1285 19
252 27
1175 25
1247 40
407 48
419 49
1154 42
1454 34
345 34
926 24
67 34
1329 49
824 29
1392 26
1270 39
973 36
156 4
632 39
878 9
441 20
63 26
625 11
322 3
89 39
266 1
471 29
688 14
278 49
1157 35
1245 22
87 47
421 16
1342 37
1023 20
802 30
590 4
560 14
829 37
936 13
368 7
78 31
1005 46
984 17
146 3
373 1
427 48
217 18
457 13
565 3
1340 27
138 13
802 10
853 7
1243 38
954 36
808 46
111 33
365 39
746 21
1215 1
1421 20
1385 12
763 37
168 7
679 17
315 24
1312 47
149 10
24 17
60 9
333 30
244 6
710 46
304 13
1308 15
775 2
801 31
1272 24
905 17
655 17
903 18
1249 25
673 28
674 42
990 20
812 21
362 14
1352 28
350 9
139 10
1199 37
918 17
22 49
660 45
671 39
1265 23
936 42
442 5
128 26
540 18
458 28
365 39
1270 15
554 23
568 45
172 12
656 25
90 7
991 13
868 45
126 32
1210 26
929 42
662 40
693 49
618 20
990 4
571 8
724 46
337 41
883 35
1415 25
825 42
949 13
1423 7
631 46
200 23
690 27
1483 31
640 20
1144 35
1381 22
1181 7
8 21
515 4
86 1
372 43
772 26
1302 8
1164 17
1338 48
293 8
1291 8
513 46
508 35
1019 5
295 22
1007 32
775 49
190 26
222 15
873 17
970 43
924 13
413 31
622 40
1177 49
976 33
807 8
643 39
1214 30
392 32
677 37
1024 41
1053 3
367 31
1387 25
819 5
306 29
574 14
1252 42
900 35
344 5
48 3
1360 8
852 10
922 38
832 1
235 3
1369 46
655 48
377 36
788 24
1228 12
991 16
1469 49
1311 19
1422 39
1127 16
75 17
147 37
738 10
1389 28
347 22
314 12
74 49
406 12
890 2
127 35
1363 43
237 38
745 9
1496 24
1218 15
476 1
1359 38
99 2
661 49
733 14
1004 46
666 15
1082 19
752 18
1415 36
465 35
1143 44
576 37
949 6
112 20
90 18
7 32
422 47
825 39
238 26
1339 23
2 9
1211 11
986 5
112 37
1494 22
937 41
1218 29
505 10
1057 15
896 26
289 20
398 4
377 26
1355 27
1452 9
174 46
278 26
448 2
211 32
231 13
1292 28
316 37
1356 1
990 43
69 22
702 7
1373 11
957 19
305 20
1225 12
109 36
1490 38
1035 18
736 10
1083 31
1185 16
1342 45
184 10
1014 17
1209 3
1353 30
538 11
276 2
444 39
346 25
163 13
128 32
1333 41
817 9
288 20
86 3
1011 4
1380 24
249 46
922 5
51 42
1412 48
1444 49
407 21
937 43
572 31
852 33
724 16
737 7
1466 6
58 39
315 49
667 10
756 30
803 24
451 21
979 3
990 14
1378 6
574 35
443 46
506 20
1291 24
508 36
1414 17
813 12
1178 34
127 36
736 31
592 34
263 29
1499 32
1472 13
1481 32
1456 35
973 21
1382 35
1377 24
1000 20
419 26
527 40
684 12
591 45
276 34
442 10
1222 24
608 30
346 11
1045 9
159 48
1218 36
912 4
1386 11
109 27
815 9
33 18
243 24
569 44
1203 8
402 32
213 9
62 28
169 46
59 20
777 20
157 2
739 24
430 13
1437 3
534 26
1222 32
45 13
539 11
1413 11
1159 30
45 5
137 38
1412 44
68 3
120 42
487 42
577 47
524 40
462 4
1425 3
283 21
87 41
232 34
1192 45
264 26
253 40
638 11
611 42
435 9
409 15
523 1
118 21
1083 20
729 8
9 37
1161 26
1251 23
931 23
856 12
1198 37
458 22
339 48
73 47
665 33
717 41
639 10
240 6
927 39
471 6
160 11
725 45
1074 5
1455 18
193 3
710 9
539 9
130 6
1381 34
1216 45
572 33
882 36
270 40
973 39
1078 30
843 44
344 9
692 3
848 18
1094 20
495 15
52 26
652 18
1075 9
636 4
386 49
406 38
1430 31
971 8
435 41
1115 30
968 47
500 6
62 15
1141 10
829 29
1037 30
1141 20
295 48
341 34
998 34
211 17
750 3
105 35
424 11
1361 21
984 46
833 34
1406 14
1371 10
1022 40
51 13
903 12
991 22
390 5
1093 12
1069 33
1237 37
74 6
1224 15
288 12
1129 31
610 17
903 21
1282 8
100 27
242 27
453 24
1105 46
250 31
944 32
942 20
1050 4
1479 23
1320 23
108 28
946 45
1242 41
1299 29
831 47
362 40
130 42
108 2
197 16
1342 15
1179 10
691 46
778 48
961 9
782 36
836 26
1491 19
1057 16
1262 19
804 10
226 5
917 49
187 33
1211 35
338 33
1246 18
126 49
344 15
1452 41
279 42
1253 5
1248 38
831 41
1160 16
289 14
15 32
1325 45
210 44
366 21
979 33
547 16
928 42
584 2
29 9
847 22
1441 13
1271 7
643 25
0 0
