1
30 40 34 5
2
0 0 0 0
1 1 1 1
3
1000 1000 1000 10
5000 3000 4000 12
100 300 10 6
5
85 85 85 10
218 200 220 77
313 400 272 882
431 875 616 534
166 15 674 660
6
211 191 443 976
656 758 115 169
139 21 339 172
799 343 678 386
149 964 648 838
674 420 942 603
5
21 46 48 63
87 66 0 51
95 59 83 95
68 11 32 41
34 15 64 73
7
88 77 2 42
48 79 11 83
37 39 11 9
77 84 5 96
5 81 51 27
96 15 85 4
19 13 8 59
7
205 340 219 31
407 54 343 106
225 106 228 434
458 197 22 307
272 365 272 168
240 324 190 340
426 179 431 426
7
165 284 403 253
350 460 359 298
328 394 297 324
164 13 347 282
329 310 414 340
136 367 92 166
383 295 121 462
7
215 280 55 475
446 374 257 193
294 196 55 443
7 135 71 446
455 120 478 342
221 226 128 484
37 127 56 332
0
