7
5 7
1 2 75
2 3 32
3 4 62
1 4 50
3 5 100
4 5 45
1 5 78
6 8
1 2 70
1 4 82
2 3 57
2 5 105
3 4 160
3 6 55
4 5 97
4 6 75
4 5
1 2 10
1 3 30
1 4 40
2 3 20
3 4 50
5 6
1 2 25
1 3 75
1 5 20
2 3 30
3 4 10
4 5 10
9 10
1 2 40
1 4 40
2 3 25
3 4 30
2 5 45
2 6 50
6 9 60
6 8 70
4 7 75
7 8 80
8 9
1 2 45
1 3 58
1 5 75
1 8 30
3 4 55
4 5 70
5 6 55
6 7 88
7 8 77
10 12
1 2 60
1 4 45
2 4 77
2 3 83
2 5 60
4 10 30
2 7 99
5 6 100
6 8 70
8 9 120
7 9 70
3 10 80
